0, 0, -7.47667e-06
0.0204082, 0, 0.0198748
0.0408163, 0, 0.0390861
0.0612245, 0, 0.0574694
0.0816327, 0, 0.0749889
0.102041, 0, 0.0916516
0.122449, 0, 0.107472
0.142857, 0, 0.122458
0.163265, 0, 0.136615
0.183673, 0, 0.149942
0.204082, 0, 0.162437
0.22449, 0, 0.174098
0.244898, 0, 0.184925
0.265306, 0, 0.194919
0.285714, 0, 0.20408
0.306122, 0, 0.212409
0.326531, 0, 0.219906
0.346939, 0, 0.22657
0.367347, 0, 0.232401
0.387755, 0, 0.237398
0.408163, 0, 0.241562
0.428571, 0, 0.244892
0.44898, 0, 0.247388
0.469388, 0, 0.249053
0.489796, 0, 0.249885
0.510204, 0, 0.249886
0.530612, 0, 0.249056
0.55102, 0, 0.247394
0.571429, 0, 0.2449
0.591837, 0, 0.241573
0.612245, 0, 0.237412
0.632653, 0, 0.232417
0.653061, 0, 0.226589
0.673469, 0, 0.219927
0.693878, 0, 0.212433
0.714286, 0, 0.204105
0.734694, 0, 0.194943
0.755102, 0, 0.184945
0.77551, 0, 0.174109
0.795918, 0, 0.162433
0.816327, 0, 0.14992
0.836735, 0, 0.136571
0.857143, 0, 0.122395
0.877551, 0, 0.107397
0.897959, 0, 0.091581
0.918367, 0, 0.0749404
0.938776, 0, 0.0574566
0.959184, 0, 0.0391073
0.979592, 0, 0.0199043
1, 0, -7.47685e-06
0, 0.204082, 2.82874e-06
0.0204082, 0.204082, 0.0155543
0.0408163, 0.204082, 0.0310313
0.0612245, 0.204082, 0.0462926
0.0816327, 0.204082, 0.061231
0.102041, 0.204082, 0.0757681
0.122449, 0.204082, 0.0898479
0.142857, 0.204082, 0.103432
0.163265, 0.204082, 0.116492
0.183673, 0.204082, 0.129011
0.204082, 0.204082, 0.140972
0.22449, 0.204082, 0.152363
0.244898, 0.204082, 0.163169
0.265306, 0.204082, 0.17338
0.285714, 0.204082, 0.182981
0.306122, 0.204082, 0.191959
0.326531, 0.204082, 0.200301
0.346939, 0.204082, 0.207994
0.367347, 0.204082, 0.215025
0.387755, 0.204082, 0.221378
0.408163, 0.204082, 0.227039
0.428571, 0.204082, 0.231994
0.44898, 0.204082, 0.236226
0.469388, 0.204082, 0.239718
0.489796, 0.204082, 0.242452
0.510204, 0.204082, 0.244409
0.530612, 0.204082, 0.245571
0.55102, 0.204082, 0.245918
0.571429, 0.204082, 0.245429
0.591837, 0.204082, 0.244084
0.612245, 0.204082, 0.24186
0.632653, 0.204082, 0.238734
0.653061, 0.204082, 0.234681
0.673469, 0.204082, 0.229675
0.693878, 0.204082, 0.223689
0.714286, 0.204082, 0.216695
0.734694, 0.204082, 0.208662
0.755102, 0.204082, 0.199562
0.77551, 0.204082, 0.189362
0.795918, 0.204082, 0.178031
0.816327, 0.204082, 0.165535
0.836735, 0.204082, 0.15184
0.857143, 0.204082, 0.136911
0.877551, 0.204082, 0.12072
0.897959, 0.204082, 0.103256
0.918367, 0.204082, 0.0845373
0.938776, 0.204082, 0.0646396
0.959184, 0.204082, 0.0437199
0.979592, 0.204082, 0.0220455
1, 0.204082, 2.8285e-06
0, 0.408163, -1.31336e-06
0.0204082, 0.408163, 0.013149
0.0408163, 0.408163, 0.0262447
0.0612245, 0.408163, 0.0392436
0.0816327, 0.408163, 0.0520929
0.102041, 0.408163, 0.0647429
0.122449, 0.408163, 0.0771508
0.142857, 0.408163, 0.0892803
0.163265, 0.408163, 0.101101
0.183673, 0.408163, 0.112585
0.204082, 0.408163, 0.12371
0.22449, 0.408163, 0.134454
0.244898, 0.408163, 0.144799
0.265306, 0.408163, 0.154727
0.285714, 0.408163, 0.164222
0.306122, 0.408163, 0.173267
0.326531, 0.408163, 0.181847
0.346939, 0.408163, 0.189945
0.367347, 0.408163, 0.197543
0.387755, 0.408163, 0.204623
0.408163, 0.408163, 0.211164
0.428571, 0.408163, 0.217144
0.44898, 0.408163, 0.222543
0.469388, 0.408163, 0.227335
0.489796, 0.408163, 0.231495
0.510204, 0.408163, 0.234997
0.530612, 0.408163, 0.237812
0.55102, 0.408163, 0.239909
0.571429, 0.408163, 0.241254
0.591837, 0.408163, 0.241809
0.612245, 0.408163, 0.241535
0.632653, 0.408163, 0.240388
0.653061, 0.408163, 0.238318
0.673469, 0.408163, 0.235275
0.693878, 0.408163, 0.2312
0.714286, 0.408163, 0.226031
0.734694, 0.408163, 0.219696
0.755102, 0.408163, 0.21212
0.77551, 0.408163, 0.203215
0.795918, 0.408163, 0.192889
0.816327, 0.408163, 0.181039
0.836735, 0.408163, 0.167564
0.857143, 0.408163, 0.15237
0.877551, 0.408163, 0.135382
0.897959, 0.408163, 0.116568
0.918367, 0.408163, 0.0959627
0.938776, 0.408163, 0.0736942
0.959184, 0.408163, 0.0500097
0.979592, 0.408163, 0.0252845
1, 0.408163, -1.31349e-06
0, 0.612245, -4.24091e-06
0.0204082, 0.612245, 0.0114832
0.0408163, 0.612245, 0.0229048
0.0612245, 0.612245, 0.034264
0.0816327, 0.612245, 0.0455349
0.102041, 0.612245, 0.0566893
0.122449, 0.612245, 0.0677029
0.142857, 0.612245, 0.0785535
0.163265, 0.612245, 0.0892193
0.183673, 0.612245, 0.099678
0.204082, 0.612245, 0.109907
0.22449, 0.612245, 0.119884
0.244898, 0.612245, 0.129589
0.265306, 0.612245, 0.139004
0.285714, 0.612245, 0.148113
0.306122, 0.612245, 0.156901
0.326531, 0.612245, 0.165355
0.346939, 0.612245, 0.173459
0.367347, 0.612245, 0.181195
0.387755, 0.612245, 0.188547
0.408163, 0.612245, 0.195494
0.428571, 0.612245, 0.202013
0.44898, 0.612245, 0.208081
0.469388, 0.612245, 0.213674
0.489796, 0.612245, 0.218766
0.510204, 0.612245, 0.223329
0.530612, 0.612245, 0.227333
0.55102, 0.612245, 0.230746
0.571429, 0.612245, 0.23353
0.591837, 0.612245, 0.235643
0.612245, 0.612245, 0.237038
0.632653, 0.612245, 0.23766
0.653061, 0.612245, 0.237448
0.673469, 0.612245, 0.236332
0.693878, 0.612245, 0.234235
0.714286, 0.612245, 0.231068
0.734694, 0.612245, 0.226729
0.755102, 0.612245, 0.221096
0.77551, 0.612245, 0.21403
0.795918, 0.612245, 0.205366
0.816327, 0.612245, 0.194915
0.836735, 0.612245, 0.18247
0.857143, 0.612245, 0.167818
0.877551, 0.612245, 0.150764
0.897959, 0.612245, 0.131168
0.918367, 0.612245, 0.108992
0.938776, 0.612245, 0.0843569
0.959184, 0.612245, 0.0575874
0.979592, 0.612245, 0.0292297
1, 0.612245, -4.2411e-06
0, 0.816327, -2.91177e-06
0.0204082, 0.816327, 0.010188
0.0408163, 0.816327, 0.0203446
0.0612245, 0.816327, 0.030467
0.0816327, 0.816327, 0.040533
0.102041, 0.816327, 0.0505206
0.122449, 0.816327, 0.0604139
0.142857, 0.816327, 0.0702002
0.163265, 0.816327, 0.0798672
0.183673, 0.816327, 0.0894004
0.204082, 0.816327, 0.0987832
0.22449, 0.816327, 0.107998
0.244898, 0.816327, 0.117027
0.265306, 0.816327, 0.125853
0.285714, 0.816327, 0.134462
0.306122, 0.816327, 0.142841
0.326531, 0.816327, 0.150977
0.346939, 0.816327, 0.15886
0.367347, 0.816327, 0.166475
0.387755, 0.816327, 0.173808
0.408163, 0.816327, 0.180841
0.428571, 0.816327, 0.187554
0.44898, 0.816327, 0.193926
0.469388, 0.816327, 0.199935
0.489796, 0.816327, 0.205556
0.510204, 0.816327, 0.210764
0.530612, 0.816327, 0.215532
0.55102, 0.816327, 0.219833
0.571429, 0.816327, 0.223631
0.591837, 0.816327, 0.226889
0.612245, 0.816327, 0.22956
0.632653, 0.816327, 0.231591
0.653061, 0.816327, 0.232918
0.673469, 0.816327, 0.233466
0.693878, 0.816327, 0.233148
0.714286, 0.816327, 0.231863
0.734694, 0.816327, 0.229491
0.755102, 0.816327, 0.225885
0.77551, 0.816327, 0.220867
0.795918, 0.816327, 0.214217
0.816327, 0.816327, 0.205664
0.836735, 0.816327, 0.194888
0.857143, 0.816327, 0.181528
0.877551, 0.816327, 0.165206
0.897959, 0.816327, 0.145586
0.918367, 0.816327, 0.122445
0.938776, 0.816327, 0.0957835
0.959184, 0.816327, 0.0659337
0.979592, 0.816327, 0.0336359
1, 0.816327, -2.91178e-06
0, 1.02041, 2.21311e-06
0.0204082, 1.02041, 0.00915505
0.0408163, 1.02041, 0.0183142
0.0612245, 1.02041, 0.0274534
0.0816327, 1.02041, 0.0365576
0.102041, 1.02041, 0.0456111
0.122449, 1.02041, 0.0545989
0.142857, 1.02041, 0.063509
0.163265, 1.02041, 0.0723321
0.183673, 1.02041, 0.0810604
0.204082, 1.02041, 0.089685
0.22449, 1.02041, 0.0981951
0.244898, 1.02041, 0.106578
0.265306, 1.02041, 0.114819
0.285714, 1.02041, 0.122906
0.306122, 1.02041, 0.130825
0.326531, 1.02041, 0.138565
0.346939, 1.02041, 0.146116
0.367347, 1.02041, 0.15347
0.387755, 1.02041, 0.160615
0.408163, 1.02041, 0.167539
0.428571, 1.02041, 0.174226
0.44898, 1.02041, 0.180659
0.469388, 1.02041, 0.186818
0.489796, 1.02041, 0.192682
0.510204, 1.02041, 0.198227
0.530612, 1.02041, 0.20343
0.55102, 1.02041, 0.208269
0.571429, 1.02041, 0.212714
0.591837, 1.02041, 0.216736
0.612245, 1.02041, 0.220297
0.632653, 1.02041, 0.223349
0.653061, 1.02041, 0.225834
0.673469, 1.02041, 0.227682
0.693878, 1.02041, 0.228806
0.714286, 1.02041, 0.229103
0.734694, 1.02041, 0.228449
0.755102, 1.02041, 0.226688
0.77551, 1.02041, 0.223625
0.795918, 1.02041, 0.219009
0.816327, 1.02041, 0.212513
0.836735, 1.02041, 0.203723
0.857143, 1.02041, 0.192132
0.877551, 1.02041, 0.177165
0.897959, 1.02041, 0.158232
0.918367, 1.02041, 0.134839
0.938776, 1.02041, 0.106755
0.959184, 1.02041, 0.0742105
0.979592, 1.02041, 0.0380935
1, 1.02041, 2.21361e-06
0, 1.22449, 9.93404e-06
0.0204082, 1.22449, 0.00833131
0.0408163, 1.22449, 0.0166851
0.0612245, 1.22449, 0.0250096
0.0816327, 1.22449, 0.0333128
0.102041, 1.22449, 0.0415928
0.122449, 1.22449, 0.0498331
0.142857, 1.22449, 0.058015
0.163265, 1.22449, 0.0661259
0.183673, 1.22449, 0.0741608
0.204082, 1.22449, 0.0821185
0.22449, 1.22449, 0.0899968
0.244898, 1.22449, 0.0977893
0.265306, 1.22449, 0.105485
0.285714, 1.22449, 0.113072
0.306122, 1.22449, 0.120534
0.326531, 1.22449, 0.12786
0.346939, 1.22449, 0.13504
0.367347, 1.22449, 0.142069
0.387755, 1.22449, 0.14894
0.408163, 1.22449, 0.155646
0.428571, 1.22449, 0.162179
0.44898, 1.22449, 0.168524
0.469388, 1.22449, 0.174666
0.489796, 1.22449, 0.180584
0.510204, 1.22449, 0.186257
0.530612, 1.22449, 0.191664
0.55102, 1.22449, 0.196784
0.571429, 1.22449, 0.201597
0.591837, 1.22449, 0.20608
0.612245, 1.22449, 0.210205
0.632653, 1.22449, 0.213936
0.653061, 1.22449, 0.217225
0.673469, 1.22449, 0.220008
0.693878, 1.22449, 0.222207
0.714286, 1.22449, 0.223723
0.734694, 1.22449, 0.224436
0.755102, 1.22449, 0.224195
0.77551, 1.22449, 0.222805
0.795918, 1.22449, 0.220005
0.816327, 1.22449, 0.215442
0.836735, 1.22449, 0.208639
0.857143, 1.22449, 0.198973
0.877551, 1.22449, 0.185685
0.897959, 1.22449, 0.167929
0.918367, 1.22449, 0.144906
0.938776, 1.22449, 0.116081
0.959184, 1.22449, 0.0814951
0.979592, 1.22449, 0.0421048
1, 1.22449, 9.92425e-06
0, 1.42857, 1.88328e-05
0.0204082, 1.42857, 0.00766623
0.0408163, 1.42857, 0.0153575
0.0612245, 1.42857, 0.022993
0.0816327, 1.42857, 0.0306138
0.102041, 1.42857, 0.0382385
0.122449, 1.42857, 0.0458489
0.142857, 1.42857, 0.0534158
0.163265, 1.42857, 0.0609194
0.183673, 1.42857, 0.0683552
0.204082, 1.42857, 0.0757286
0.22449, 1.42857, 0.0830464
0.244898, 1.42857, 0.0903094
0.265306, 1.42857, 0.0975104
0.285714, 1.42857, 0.104635
0.306122, 1.42857, 0.111667
0.326531, 1.42857, 0.118592
0.346939, 1.42857, 0.125399
0.367347, 1.42857, 0.132083
0.387755, 1.42857, 0.138644
0.408163, 1.42857, 0.14508
0.428571, 1.42857, 0.15139
0.44898, 1.42857, 0.157563
0.469388, 1.42857, 0.163588
0.489796, 1.42857, 0.169444
0.510204, 1.42857, 0.175112
0.530612, 1.42857, 0.18057
0.55102, 1.42857, 0.185799
0.571429, 1.42857, 0.190784
0.591837, 1.42857, 0.195508
0.612245, 1.42857, 0.199954
0.632653, 1.42857, 0.204096
0.653061, 1.42857, 0.207898
0.673469, 1.42857, 0.211307
0.693878, 1.42857, 0.214251
0.714286, 1.42857, 0.216642
0.734694, 1.42857, 0.218366
0.755102, 1.42857, 0.219282
0.77551, 1.42857, 0.219205
0.795918, 1.42857, 0.217881
0.816327, 1.42857, 0.214952
0.836735, 1.42857, 0.209907
0.857143, 1.42857, 0.202046
0.877551, 1.42857, 0.190466
0.897959, 1.42857, 0.1741
0.918367, 1.42857, 0.151862
0.938776, 1.42857, 0.122909
0.959184, 1.42857, 0.0870476
0.979592, 1.42857, 0.0452372
1, 1.42857, 1.88515e-05
0, 1.63265, 2.74534e-05
0.0204082, 1.63265, 0.00711146
0.0408163, 1.63265, 0.0142469
0.0612245, 1.63265, 0.0212962
0.0816327, 1.63265, 0.0283335
0.102041, 1.63265, 0.0353975
0.122449, 1.63265, 0.042469
0.142857, 1.63265, 0.0495083
0.163265, 1.63265, 0.0564876
0.183673, 1.63265, 0.063402
0.204082, 1.63265, 0.0702626
0.22449, 1.63265, 0.0770844
0.244898, 1.63265, 0.0838752
0.265306, 1.63265, 0.0906305
0.285714, 1.63265, 0.0973358
0.306122, 1.63265, 0.103971
0.326531, 1.63265, 0.110519
0.346939, 1.63265, 0.116967
0.367347, 1.63265, 0.123311
0.387755, 1.63265, 0.129555
0.408163, 1.63265, 0.135703
0.428571, 1.63265, 0.141758
0.44898, 1.63265, 0.147716
0.469388, 1.63265, 0.153568
0.489796, 1.63265, 0.159295
0.510204, 1.63265, 0.164875
0.530612, 1.63265, 0.170289
0.55102, 1.63265, 0.175516
0.571429, 1.63265, 0.180543
0.591837, 1.63265, 0.185361
0.612245, 1.63265, 0.189959
0.632653, 1.63265, 0.194321
0.653061, 1.63265, 0.198422
0.673469, 1.63265, 0.202217
0.693878, 1.63265, 0.205645
0.714286, 1.63265, 0.208623
0.734694, 1.63265, 0.211048
0.755102, 1.63265, 0.212787
0.77551, 1.63265, 0.213669
0.795918, 1.63265, 0.213453
0.816327, 1.63265, 0.211787
0.836735, 1.63265, 0.208151
0.857143, 1.63265, 0.201801
0.877551, 1.63265, 0.191736
0.897959, 1.63265, 0.17673
0.918367, 1.63265, 0.155468
0.938776, 1.63265, 0.126849
0.959184, 1.63265, 0.0904629
0.979592, 1.63265, 0.04723
1, 1.63265, 2.74538e-05
0, 1.83673, 3.42891e-05
0.0204082, 1.83673, 0.00663034
0.0408163, 1.83673, 0.013289
0.0612245, 1.83673, 0.0198398
0.0816327, 1.83673, 0.0263798
0.102041, 1.83673, 0.0329626
0.122449, 1.83673, 0.0395679
0.142857, 1.83673, 0.0461481
0.163265, 1.83673, 0.0526698
0.183673, 1.83673, 0.0591276
0.204082, 1.83673, 0.0655374
0.22449, 1.83673, 0.0719207
0.244898, 1.83673, 0.0782904
0.265306, 1.83673, 0.0846448
0.285714, 1.83673, 0.0909686
0.306122, 1.83673, 0.0972396
0.326531, 1.83673, 0.103437
0.346939, 1.83673, 0.109548
0.367347, 1.83673, 0.115568
0.387755, 1.83673, 0.121504
0.408163, 1.83673, 0.127364
0.428571, 1.83673, 0.133156
0.44898, 1.83673, 0.138881
0.469388, 1.83673, 0.144531
0.489796, 1.83673, 0.150089
0.510204, 1.83673, 0.155534
0.530612, 1.83673, 0.160844
0.55102, 1.83673, 0.165999
0.571429, 1.83673, 0.170989
0.591837, 1.83673, 0.175806
0.612245, 1.83673, 0.180446
0.632653, 1.83673, 0.184901
0.653061, 1.83673, 0.189153
0.673469, 1.83673, 0.193165
0.693878, 1.83673, 0.196882
0.714286, 1.83673, 0.200229
0.734694, 1.83673, 0.203108
0.755102, 1.83673, 0.205397
0.77551, 1.83673, 0.206933
0.795918, 1.83673, 0.207489
0.816327, 1.83673, 0.206724
0.836735, 1.83673, 0.204119
0.857143, 1.83673, 0.198912
0.877551, 1.83673, 0.190051
0.897959, 1.83673, 0.176214
0.918367, 1.83673, 0.155942
0.938776, 1.83673, 0.127957
0.959184, 1.83673, 0.0916938
0.979592, 1.83673, 0.0480242
1, 1.83673, 3.42891e-05
0, 2.04082, 3.82486e-05
0.0204082, 2.04082, 0.00620192
0.0408163, 2.04082, 0.0124427
0.0612245, 2.04082, 0.0185685
0.0816327, 2.04082, 0.0246853
0.102041, 2.04082, 0.0308531
0.122449, 2.04082, 0.0370508
0.142857, 2.04082, 0.0432269
0.163265, 2.04082, 0.0493456
0.183673, 2.04082, 0.0554021
0.204082, 2.04082, 0.0614155
0.22449, 2.04082, 0.0674111
0.244898, 2.04082, 0.0734053
0.265306, 2.04082, 0.079398
0.285714, 2.04082, 0.0853738
0.306122, 2.04082, 0.0913092
0.326531, 2.04082, 0.0971821
0.346939, 2.04082, 0.102978
0.367347, 2.04082, 0.108695
0.387755, 2.04082, 0.114339
0.408163, 2.04082, 0.119923
0.428571, 2.04082, 0.125457
0.44898, 2.04082, 0.130945
0.469388, 2.04082, 0.136381
0.489796, 2.04082, 0.14175
0.510204, 2.04082, 0.147031
0.530612, 2.04082, 0.152201
0.55102, 2.04082, 0.157243
0.571429, 2.04082, 0.162145
0.591837, 2.04082, 0.166903
0.612245, 2.04082, 0.171517
0.632653, 2.04082, 0.175984
0.653061, 2.04082, 0.180288
0.673469, 2.04082, 0.184401
0.693878, 2.04082, 0.188271
0.714286, 2.04082, 0.191829
0.734694, 2.04082, 0.194981
0.755102, 2.04082, 0.19761
0.77551, 2.04082, 0.199561
0.795918, 2.04082, 0.200615
0.816327, 2.04082, 0.200439
0.836735, 2.04082, 0.198521
0.857143, 2.04082, 0.194098
0.877551, 2.04082, 0.186101
0.897959, 2.04082, 0.173173
0.918367, 2.04082, 0.153795
0.938776, 2.04082, 0.126612
0.959184, 2.04082, 0.0909777
0.979592, 2.04082, 0.0477311
1, 2.04082, 3.821e-05
0, 2.2449, 3.88155e-05
0.0204082, 2.2449, 0.00581766
0.0408163, 2.2449, 0.0116864
0.0612245, 2.2449, 0.0174467
0.0816327, 2.2449, 0.0232008
0.102041, 2.2449, 0.0290071
0.122449, 2.2449, 0.0348439
0.142857, 2.2449, 0.0406606
0.163265, 2.2449, 0.0464221
0.183673, 2.2449, 0.052125
0.204082, 2.2449, 0.0577897
0.22449, 2.2449, 0.063443
0.244898, 2.2449, 0.069102
0.265306, 2.2449, 0.0747675
0.285714, 2.2449, 0.0804244
0.306122, 2.2449, 0.0860498
0.326531, 2.2449, 0.0916217
0.346939, 2.2449, 0.0971263
0.367347, 2.2449, 0.102561
0.387755, 2.2449, 0.107935
0.408163, 2.2449, 0.113259
0.428571, 2.2449, 0.118547
0.44898, 2.2449, 0.123803
0.469388, 2.2449, 0.129023
0.489796, 2.2449, 0.134193
0.510204, 2.2449, 0.139293
0.530612, 2.2449, 0.144302
0.55102, 2.2449, 0.149204
0.571429, 2.2449, 0.153989
0.591837, 2.2449, 0.158654
0.612245, 2.2449, 0.1632
0.632653, 2.2449, 0.167625
0.653061, 2.2449, 0.171919
0.673469, 2.2449, 0.176055
0.693878, 2.2449, 0.179985
0.714286, 2.2449, 0.183641
0.734694, 2.2449, 0.186935
0.755102, 2.2449, 0.189753
0.77551, 2.2449, 0.191942
0.795918, 2.2449, 0.193286
0.816327, 2.2449, 0.193457
0.836735, 2.2449, 0.191948
0.857143, 2.2449, 0.188004
0.877551, 2.2449, 0.180567
0.897959, 2.2449, 0.168293
0.918367, 2.2449, 0.149674
0.938776, 2.2449, 0.123366
0.959184, 2.2449, 0.0887227
0.979592, 2.2449, 0.0465691
1, 2.2449, 3.88071e-05
0, 2.44898, 3.61277e-05
0.0204082, 2.44898, 0.00547647
0.0408163, 2.44898, 0.0110106
0.0612245, 2.44898, 0.0164516
0.0816327, 2.44898, 0.0218899
0.102041, 2.44898, 0.0273763
0.122449, 2.44898, 0.0328897
0.142857, 2.44898, 0.0383835
0.163265, 2.44898, 0.0438266
0.183673, 2.44898, 0.0492172
0.204082, 2.44898, 0.054575
0.22449, 2.44898, 0.0599256
0.244898, 2.44898, 0.0652851
0.265306, 2.44898, 0.0706539
0.285714, 2.44898, 0.0760182
0.306122, 2.44898, 0.0813569
0.326531, 2.44898, 0.0866497
0.346939, 2.44898, 0.0918846
0.367347, 2.44898, 0.09706
0.387755, 2.44898, 0.102184
0.408163, 2.44898, 0.107268
0.428571, 2.44898, 0.112325
0.44898, 2.44898, 0.117359
0.469388, 2.44898, 0.122366
0.489796, 2.44898, 0.127335
0.510204, 2.44898, 0.132247
0.530612, 2.44898, 0.137084
0.55102, 2.44898, 0.141832
0.571429, 2.44898, 0.146481
0.591837, 2.44898, 0.15103
0.612245, 2.44898, 0.155481
0.632653, 2.44898, 0.159833
0.653061, 2.44898, 0.164074
0.673469, 2.44898, 0.168179
0.693878, 2.44898, 0.172102
0.714286, 2.44898, 0.175779
0.734694, 2.44898, 0.179123
0.755102, 2.44898, 0.182019
0.77551, 2.44898, 0.184318
0.795918, 2.44898, 0.185803
0.816327, 2.44898, 0.186144
0.836735, 2.44898, 0.18484
0.857143, 2.44898, 0.181146
0.877551, 2.44898, 0.174034
0.897959, 2.44898, 0.162205
0.918367, 2.44898, 0.14422
0.938776, 2.44898, 0.118809
0.959184, 2.44898, 0.0853913
0.979592, 2.44898, 0.0447964
1, 2.44898, 3.61279e-05
0, 2.65306, 3.09645e-05
0.0204082, 2.65306, 0.00517757
0.0408163, 2.65306, 0.0104098
0.0612245, 2.65306, 0.0155673
0.0816327, 2.65306, 0.020725
0.102041, 2.65306, 0.0259237
0.122449, 2.65306, 0.0311438
0.142857, 2.65306, 0.0363456
0.163265, 2.65306, 0.0415033
0.183673, 2.65306, 0.0466167
0.204082, 2.65306, 0.0517035
0.22449, 2.65306, 0.0567855
0.244898, 2.65306, 0.0618763
0.265306, 2.65306, 0.0669757
0.285714, 2.65306, 0.0720715
0.306122, 2.65306, 0.0771452
0.326531, 2.65306, 0.0821801
0.346939, 2.65306, 0.0871662
0.367347, 2.65306, 0.0921029
0.387755, 2.65306, 0.0969974
0.408163, 2.65306, 0.101861
0.428571, 2.65306, 0.106703
0.44898, 2.65306, 0.111527
0.469388, 2.65306, 0.11633
0.489796, 2.65306, 0.121101
0.510204, 2.65306, 0.125824
0.530612, 2.65306, 0.130484
0.55102, 2.65306, 0.135069
0.571429, 2.65306, 0.139572
0.591837, 2.65306, 0.143993
0.612245, 2.65306, 0.148332
0.632653, 2.65306, 0.152586
0.653061, 2.65306, 0.156745
0.673469, 2.65306, 0.160782
0.693878, 2.65306, 0.164652
0.714286, 2.65306, 0.168292
0.734694, 2.65306, 0.171617
0.755102, 2.65306, 0.174515
0.77551, 2.65306, 0.176833
0.795918, 2.65306, 0.178352
0.816327, 2.65306, 0.178741
0.836735, 2.65306, 0.177499
0.857143, 2.65306, 0.173899
0.877551, 2.65306, 0.166951
0.897959, 2.65306, 0.155423
0.918367, 2.65306, 0.137979
0.938776, 2.65306, 0.113467
0.959184, 2.65306, 0.0814119
0.979592, 2.65306, 0.0426565
1, 2.65306, 3.09628e-05
0, 2.85714, 2.44203e-05
0.0204082, 2.85714, 0.0049177
0.0408163, 2.85714, 0.00987756
0.0612245, 2.85714, 0.0147799
0.0816327, 2.85714, 0.019684
0.102041, 2.85714, 0.0246206
0.122449, 2.85714, 0.029573
0.142857, 2.85714, 0.0345093
0.163265, 2.85714, 0.0394099
0.183673, 2.85714, 0.0442755
0.204082, 2.85714, 0.0491208
0.22449, 2.85714, 0.0539628
0.244898, 2.85714, 0.0588116
0.265306, 2.85714, 0.063666
0.285714, 2.85714, 0.0685155
0.306122, 2.85714, 0.0733454
0.326531, 2.85714, 0.0781423
0.346939, 2.85714, 0.0828994
0.367347, 2.85714, 0.087617
0.387755, 2.85714, 0.0923014
0.408163, 2.85714, 0.0969613
0.428571, 2.85714, 0.101604
0.44898, 2.85714, 0.106232
0.469388, 2.85714, 0.11084
0.489796, 2.85714, 0.11542
0.510204, 2.85714, 0.119958
0.530612, 2.85714, 0.124442
0.55102, 2.85714, 0.128863
0.571429, 2.85714, 0.133215
0.591837, 2.85714, 0.137499
0.612245, 2.85714, 0.141714
0.632653, 2.85714, 0.145856
0.653061, 2.85714, 0.149911
0.673469, 2.85714, 0.153852
0.693878, 2.85714, 0.157635
0.714286, 2.85714, 0.161196
0.734694, 2.85714, 0.164453
0.755102, 2.85714, 0.167293
0.77551, 2.85714, 0.169564
0.795918, 2.85714, 0.171042
0.816327, 2.85714, 0.171393
0.836735, 2.85714, 0.17012
0.857143, 2.85714, 0.166516
0.877551, 2.85714, 0.159634
0.897959, 2.85714, 0.148324
0.918367, 2.85714, 0.131367
0.938776, 2.85714, 0.107753
0.959184, 2.85714, 0.077126
0.979592, 2.85714, 0.0403451
1, 2.85714, 2.4426e-05
0, 3.06122, 1.769e-05
0.0204082, 3.06122, 0.00469012
0.0408163, 3.06122, 0.00940464
0.0612245, 3.06122, 0.0140753
0.0816327, 3.06122, 0.018748
0.102041, 3.06122, 0.0234449
0.122449, 3.06122, 0.0281523
0.142857, 3.06122, 0.0328468
0.163265, 3.06122, 0.0375145
0.183673, 3.06122, 0.0421566
0.204082, 3.06122, 0.0467843
0.22449, 3.06122, 0.0514097
0.244898, 3.06122, 0.0560389
0.265306, 3.06122, 0.06067
0.285714, 3.06122, 0.065294
0.306122, 3.06122, 0.0698999
0.326531, 3.06122, 0.0744784
0.346939, 3.06122, 0.079025
0.367347, 3.06122, 0.0835411
0.387755, 3.06122, 0.088032
0.408163, 3.06122, 0.0925041
0.428571, 3.06122, 0.096962
0.44898, 3.06122, 0.101406
0.469388, 3.06122, 0.105831
0.489796, 3.06122, 0.110229
0.510204, 3.06122, 0.114589
0.530612, 3.06122, 0.118901
0.55102, 3.06122, 0.12316
0.571429, 3.06122, 0.127361
0.591837, 3.06122, 0.131505
0.612245, 3.06122, 0.135589
0.632653, 3.06122, 0.139608
0.653061, 3.06122, 0.143544
0.673469, 3.06122, 0.147369
0.693878, 3.06122, 0.151038
0.714286, 3.06122, 0.15449
0.734694, 3.06122, 0.157641
0.755102, 3.06122, 0.160381
0.77551, 3.06122, 0.162555
0.795918, 3.06122, 0.163936
0.816327, 3.06122, 0.164189
0.836735, 3.06122, 0.162824
0.857143, 3.06122, 0.159155
0.877551, 3.06122, 0.152287
0.897959, 3.06122, 0.141156
0.918367, 3.06122, 0.124666
0.938776, 3.06122, 0.101951
0.959184, 3.06122, 0.0727721
0.979592, 3.06122, 0.0379987
1, 3.06122, 1.769e-05
0, 3.26531, 1.17212e-05
0.0204082, 3.26531, 0.0044865
0.0408163, 3.26531, 0.00897974
0.0612245, 3.26531, 0.0134397
0.0816327, 3.26531, 0.017901
0.102041, 3.26531, 0.0223786
0.122449, 3.26531, 0.0268627
0.142857, 3.26531, 0.031337
0.163265, 3.26531, 0.0357927
0.183673, 3.26531, 0.0402314
0.204082, 3.26531, 0.0446606
0.22449, 3.26531, 0.0490881
0.244898, 3.26531, 0.0535166
0.265306, 3.26531, 0.0579432
0.285714, 3.26531, 0.0623609
0.306122, 3.26531, 0.0667617
0.326531, 3.26531, 0.0711397
0.346939, 3.26531, 0.075493
0.367347, 3.26531, 0.0798233
0.387755, 3.26531, 0.0841351
0.408163, 3.26531, 0.0884326
0.428571, 3.26531, 0.0927179
0.44898, 3.26531, 0.0969896
0.469388, 3.26531, 0.101242
0.489796, 3.26531, 0.105468
0.510204, 3.26531, 0.109659
0.530612, 3.26531, 0.113808
0.55102, 3.26531, 0.11791
0.571429, 3.26531, 0.121963
0.591837, 3.26531, 0.125967
0.612245, 3.26531, 0.129917
0.632653, 3.26531, 0.133805
0.653061, 3.26531, 0.137613
0.673469, 3.26531, 0.141308
0.693878, 3.26531, 0.144847
0.714286, 3.26531, 0.148167
0.734694, 3.26531, 0.151186
0.755102, 3.26531, 0.153793
0.77551, 3.26531, 0.155831
0.795918, 3.26531, 0.157073
0.816327, 3.26531, 0.157184
0.836735, 3.26531, 0.155685
0.857143, 3.26531, 0.151917
0.877551, 3.26531, 0.145038
0.897959, 3.26531, 0.134074
0.918367, 3.26531, 0.118049
0.938776, 3.26531, 0.0962344
0.959184, 3.26531, 0.0684948
0.979592, 3.26531, 0.035699
1, 3.26531, 1.17213e-05
0, 3.46939, 7.09938e-06
0.0204082, 3.46939, 0.00429841
0.0408163, 3.46939, 0.0085918
0.0612245, 3.46939, 0.0128603
0.0816327, 3.46939, 0.0171288
0.102041, 3.46939, 0.0214071
0.122449, 3.46939, 0.0256885
0.142857, 3.46939, 0.0299626
0.163265, 3.46939, 0.0342247
0.183673, 3.46939, 0.0384765
0.204082, 3.46939, 0.0427227
0.22449, 3.46939, 0.0469675
0.244898, 3.46939, 0.051211
0.265306, 3.46939, 0.05545
0.285714, 3.46939, 0.0596787
0.306122, 3.46939, 0.0638918
0.326531, 3.46939, 0.068086
0.346939, 3.46939, 0.0722612
0.367347, 3.46939, 0.0764195
0.387755, 3.46939, 0.0805644
0.408163, 3.46939, 0.0846984
0.428571, 3.46939, 0.0888217
0.44898, 3.46939, 0.0929316
0.469388, 3.46939, 0.0970224
0.489796, 3.46939, 0.101087
0.510204, 3.46939, 0.105119
0.530612, 3.46939, 0.109113
0.55102, 3.46939, 0.113066
0.571429, 3.46939, 0.116976
0.591837, 3.46939, 0.120842
0.612245, 3.46939, 0.124658
0.632653, 3.46939, 0.128412
0.653061, 3.46939, 0.132085
0.673469, 3.46939, 0.135643
0.693878, 3.46939, 0.13904
0.714286, 3.46939, 0.142214
0.734694, 3.46939, 0.145082
0.755102, 3.46939, 0.147533
0.77551, 3.46939, 0.149408
0.795918, 3.46939, 0.15048
0.816327, 3.46939, 0.150417
0.836735, 3.46939, 0.148754
0.857143, 3.46939, 0.144864
0.877551, 3.46939, 0.137963
0.897959, 3.46939, 0.127166
0.918367, 3.46939, 0.111613
0.938776, 3.46939, 0.0906954
0.959184, 3.46939, 0.0643688
0.979592, 3.46939, 0.0334866
1, 3.46939, 7.09932e-06
0, 3.67347, 3.97037e-06
0.0204082, 3.67347, 0.00412063
0.0408163, 3.67347, 0.00823213
0.0612245, 3.67347, 0.0123265
0.0816327, 3.67347, 0.0164201
0.102041, 3.67347, 0.0205181
0.122449, 3.67347, 0.0246161
0.142857, 3.67347, 0.0287085
0.163265, 3.67347, 0.0327933
0.183673, 3.67347, 0.0368723
0.204082, 3.67347, 0.0409485
0.22449, 3.67347, 0.0450233
0.244898, 3.67347, 0.0490954
0.265306, 3.67347, 0.0531613
0.285714, 3.67347, 0.0572165
0.306122, 3.67347, 0.0612576
0.326531, 3.67347, 0.0652831
0.346939, 3.67347, 0.0692938
0.367347, 3.67347, 0.0732922
0.387755, 3.67347, 0.0772808
0.408163, 3.67347, 0.0812608
0.428571, 3.67347, 0.0852312
0.44898, 3.67347, 0.0891884
0.469388, 3.67347, 0.093127
0.489796, 3.67347, 0.0970407
0.510204, 3.67347, 0.100924
0.530612, 3.67347, 0.104773
0.55102, 3.67347, 0.108584
0.571429, 3.67347, 0.112357
0.591837, 3.67347, 0.116089
0.612245, 3.67347, 0.119772
0.632653, 3.67347, 0.123392
0.653061, 3.67347, 0.126928
0.673469, 3.67347, 0.130344
0.693878, 3.67347, 0.133594
0.714286, 3.67347, 0.136614
0.734694, 3.67347, 0.139321
0.755102, 3.67347, 0.141601
0.77551, 3.67347, 0.143294
0.795918, 3.67347, 0.144173
0.816327, 3.67347, 0.143914
0.836735, 3.67347, 0.142067
0.857143, 3.67347, 0.138041
0.877551, 3.67347, 0.131114
0.897959, 3.67347, 0.120486
0.918367, 3.67347, 0.105408
0.938776, 3.67347, 0.0853792
0.959184, 3.67347, 0.0604263
0.979592, 3.67347, 0.0313778
1, 3.67347, 3.97065e-06
0, 3.87755, 2.11372e-06
0.0204082, 3.87755, 0.00395085
0.0408163, 3.87755, 0.0078957
0.0612245, 3.87755, 0.0118313
0.0816327, 3.87755, 0.0157659
0.102041, 3.87755, 0.0197009
0.122449, 3.87755, 0.0236332
0.142857, 3.87755, 0.0275602
0.163265, 3.87755, 0.0314822
0.183673, 3.87755, 0.0354011
0.204082, 3.87755, 0.0393187
0.22449, 3.87755, 0.043235
0.244898, 3.87755, 0.0471478
0.265306, 3.87755, 0.0510536
0.285714, 3.87755, 0.054949
0.306122, 3.87755, 0.0588319
0.326531, 3.87755, 0.0627019
0.346939, 3.87755, 0.0665604
0.367347, 3.87755, 0.0704096
0.387755, 3.87755, 0.0742513
0.408163, 3.87755, 0.0780858
0.428571, 3.87755, 0.0819114
0.44898, 3.87755, 0.0857242
0.469388, 3.87755, 0.0895192
0.489796, 3.87755, 0.0932908
0.510204, 3.87755, 0.0970343
0.530612, 3.87755, 0.100746
0.55102, 3.87755, 0.104425
0.571429, 3.87755, 0.108067
0.591837, 3.87755, 0.111668
0.612245, 3.87755, 0.115221
0.632653, 3.87755, 0.118709
0.653061, 3.87755, 0.122108
0.673469, 3.87755, 0.125382
0.693878, 3.87755, 0.128483
0.714286, 3.87755, 0.131346
0.734694, 3.87755, 0.133886
0.755102, 3.87755, 0.135987
0.77551, 3.87755, 0.137488
0.795918, 3.87755, 0.138162
0.816327, 3.87755, 0.137693
0.836735, 3.87755, 0.13565
0.857143, 3.87755, 0.131482
0.877551, 3.87755, 0.124527
0.897959, 3.87755, 0.114072
0.918367, 3.87755, 0.0994664
0.938776, 3.87755, 0.0803088
0.959184, 3.87755, 0.0566807
0.979592, 3.87755, 0.0293783
1, 3.87755, 2.11379e-06
0, 4.08163, 1.0912e-06
0.0204082, 4.08163, 0.00378996
0.0408163, 4.08163, 0.00758107
0.0612245, 4.08163, 0.0113706
0.0816327, 4.08163, 0.0151597
0.102041, 4.08163, 0.0189463
0.122449, 4.08163, 0.022728
0.142857, 4.08163, 0.0265042
0.163265, 4.08163, 0.0302764
0.183673, 4.08163, 0.0340469
0.204082, 4.08163, 0.0378166
0.22449, 4.08163, 0.0415849
0.244898, 4.08163, 0.0453493
0.265306, 4.08163, 0.0491068
0.285714, 4.08163, 0.0528546
0.306122, 4.08163, 0.0565915
0.326531, 4.08163, 0.0603177
0.346939, 4.08163, 0.0640347
0.367347, 4.08163, 0.0677444
0.387755, 4.08163, 0.0714479
0.408163, 4.08163, 0.075145
0.428571, 4.08163, 0.0788335
0.44898, 4.08163, 0.0825097
0.469388, 4.08163, 0.0861689
0.489796, 4.08163, 0.0898064
0.510204, 4.08163, 0.0934181
0.530612, 4.08163, 0.0970009
0.55102, 4.08163, 0.100552
0.571429, 4.08163, 0.104069
0.591837, 4.08163, 0.107545
0.612245, 4.08163, 0.110971
0.632653, 4.08163, 0.114328
0.653061, 4.08163, 0.117592
0.673469, 4.08163, 0.120725
0.693878, 4.08163, 0.123677
0.714286, 4.08163, 0.126383
0.734694, 4.08163, 0.128755
0.755102, 4.08163, 0.130675
0.77551, 4.08163, 0.13198
0.795918, 4.08163, 0.132446
0.816327, 4.08163, 0.131763
0.836735, 4.08163, 0.129523
0.857143, 4.08163, 0.125215
0.877551, 4.08163, 0.118235
0.897959, 4.08163, 0.107954
0.918367, 4.08163, 0.0938147
0.938776, 4.08163, 0.0755015
0.959184, 4.08163, 0.053141
0.979592, 4.08163, 0.0274921
1, 4.08163, 1.09065e-06
0, 4.28571, 4.23131e-07
0.0204082, 4.28571, 0.00364053
0.0408163, 4.28571, 0.00728911
0.0612245, 4.28571, 0.0109428
0.0816327, 4.28571, 0.0145969
0.102041, 4.28571, 0.0182468
0.122449, 4.28571, 0.0218903
0.142857, 4.28571, 0.0255279
0.163265, 4.28571, 0.0291619
0.183673, 4.28571, 0.0327947
0.204082, 4.28571, 0.0364269
0.22449, 4.28571, 0.0400575
0.244898, 4.28571, 0.0436839
0.265306, 4.28571, 0.0473037
0.285714, 4.28571, 0.0509147
0.306122, 4.28571, 0.0545162
0.326531, 4.28571, 0.0581088
0.346939, 4.28571, 0.061694
0.367347, 4.28571, 0.0652732
0.387755, 4.28571, 0.0688469
0.408163, 4.28571, 0.0724144
0.428571, 4.28571, 0.0759735
0.44898, 4.28571, 0.0795205
0.469388, 4.28571, 0.0830513
0.489796, 4.28571, 0.0865618
0.510204, 4.28571, 0.0900484
0.530612, 4.28571, 0.0935081
0.55102, 4.28571, 0.0969379
0.571429, 4.28571, 0.100334
0.591837, 4.28571, 0.103688
0.612245, 4.28571, 0.106989
0.632653, 4.28571, 0.110219
0.653061, 4.28571, 0.113349
0.673469, 4.28571, 0.116342
0.693878, 4.28571, 0.119147
0.714286, 4.28571, 0.121697
0.734694, 4.28571, 0.123902
0.755102, 4.28571, 0.125643
0.77551, 4.28571, 0.126754
0.795918, 4.28571, 0.127013
0.816327, 4.28571, 0.126123
0.836735, 4.28571, 0.123695
0.857143, 4.28571, 0.119255
0.877551, 4.28571, 0.112261
0.897959, 4.28571, 0.102158
0.918367, 4.28571, 0.0884757
0.938776, 4.28571, 0.0709746
0.959184, 4.28571, 0.0498178
0.979592, 4.28571, 0.025725
1, 4.28571, 4.23055e-07
0, 4.4898, -2.55194e-07
0.0204082, 4.4898, 0.00350509
0.0408163, 4.4898, 0.00702127
0.0612245, 4.4898, 0.010547
0.0816327, 4.4898, 0.0140742
0.102041, 4.4898, 0.0175962
0.122449, 4.4898, 0.0211112
0.142857, 4.4898, 0.0246203
0.163265, 4.4898, 0.0281265
0.183673, 4.4898, 0.0316317
0.204082, 4.4898, 0.0351363
0.22449, 4.4898, 0.0386389
0.244898, 4.4898, 0.0421372
0.265306, 4.4898, 0.045629
0.285714, 4.4898, 0.0491128
0.306122, 4.4898, 0.0525884
0.326531, 4.4898, 0.0560566
0.346939, 4.4898, 0.0595187
0.367347, 4.4898, 0.0629757
0.387755, 4.4898, 0.0664277
0.408163, 4.4898, 0.0698735
0.428571, 4.4898, 0.0733106
0.44898, 4.4898, 0.0767357
0.469388, 4.4898, 0.0801451
0.489796, 4.4898, 0.0835351
0.510204, 4.4898, 0.0869025
0.530612, 4.4898, 0.0902443
0.55102, 4.4898, 0.0935568
0.571429, 4.4898, 0.0968351
0.591837, 4.4898, 0.100071
0.612245, 4.4898, 0.10325
0.632653, 4.4898, 0.106353
0.653061, 4.4898, 0.109352
0.673469, 4.4898, 0.112206
0.693878, 4.4898, 0.114866
0.714286, 4.4898, 0.117261
0.734694, 4.4898, 0.119301
0.755102, 4.4898, 0.120864
0.77551, 4.4898, 0.121787
0.795918, 4.4898, 0.12185
0.816327, 4.4898, 0.120763
0.836735, 4.4898, 0.118163
0.857143, 4.4898, 0.113611
0.877551, 4.4898, 0.106619
0.897959, 4.4898, 0.0967016
0.918367, 4.4898, 0.0834675
0.938776, 4.4898, 0.0667435
0.959184, 4.4898, 0.0467221
0.979592, 4.4898, 0.0240833
1, 4.4898, -2.54913e-07
0, 4.69388, -1.10622e-06
0.0204082, 4.69388, 0.00338466
0.0408163, 4.69388, 0.00677785
0.0612245, 4.69388, 0.0101823
0.0816327, 4.69388, 0.0135886
0.102041, 4.69388, 0.0169897
0.122449, 4.69388, 0.0203838
0.142857, 4.69388, 0.023773
0.163265, 4.69388, 0.0271602
0.183673, 4.69388, 0.030547
0.204082, 4.69388, 0.0339333
0.22449, 4.69388, 0.0373172
0.244898, 4.69388, 0.0406965
0.265306, 4.69388, 0.0440692
0.285714, 4.69388, 0.0474346
0.306122, 4.69388, 0.0507927
0.326531, 4.69388, 0.0541446
0.346939, 4.69388, 0.0574916
0.367347, 4.69388, 0.0608343
0.387755, 4.69388, 0.0641722
0.408163, 4.69388, 0.0675038
0.428571, 4.69388, 0.0708265
0.44898, 4.69388, 0.0741369
0.469388, 4.69388, 0.0774315
0.489796, 4.69388, 0.0807071
0.510204, 4.69388, 0.0839605
0.530612, 4.69388, 0.0871888
0.55102, 4.69388, 0.0903878
0.571429, 4.69388, 0.0935516
0.591837, 4.69388, 0.0966704
0.612245, 4.69388, 0.0997297
0.632653, 4.69388, 0.102708
0.653061, 4.69388, 0.105576
0.673469, 4.69388, 0.108293
0.693878, 4.69388, 0.110807
0.714286, 4.69388, 0.113049
0.734694, 4.69388, 0.114926
0.755102, 4.69388, 0.116317
0.77551, 4.69388, 0.117058
0.795918, 4.69388, 0.116934
0.816327, 4.69388, 0.115669
0.836735, 4.69388, 0.112918
0.857143, 4.69388, 0.108277
0.877551, 4.69388, 0.101309
0.897959, 4.69388, 0.0915902
0.918367, 4.69388, 0.078798
0.938776, 4.69388, 0.0628164
0.959184, 4.69388, 0.0438607
0.979592, 4.69388, 0.0225713
1, 4.69388, -1.10585e-06
0, 4.89796, -2.07737e-06
0.0204082, 4.89796, 0.00327787
0.0408163, 4.89796, 0.00655704
0.0612245, 4.89796, 0.00984632
0.0816327, 4.89796, 0.0131373
0.102041, 4.89796, 0.0164232
0.122449, 4.89796, 0.0197031
0.142857, 4.89796, 0.0229797
0.163265, 4.89796, 0.0262556
0.183673, 4.89796, 0.0295322
0.204082, 4.89796, 0.0328084
0.22449, 4.89796, 0.036082
0.244898, 4.89796, 0.0393505
0.265306, 4.89796, 0.0426124
0.285714, 4.89796, 0.0458672
0.306122, 4.89796, 0.0491155
0.326531, 4.89796, 0.0523586
0.346939, 4.89796, 0.0555976
0.367347, 4.89796, 0.058833
0.387755, 4.89796, 0.062064
0.408163, 4.89796, 0.0652886
0.428571, 4.89796, 0.0685038
0.44898, 4.89796, 0.0717063
0.469388, 4.89796, 0.0748926
0.489796, 4.89796, 0.0780595
0.510204, 4.89796, 0.0812042
0.530612, 4.89796, 0.0843232
0.55102, 4.89796, 0.0874122
0.571429, 4.89796, 0.0904643
0.591837, 4.89796, 0.0934687
0.612245, 4.89796, 0.0964097
0.632653, 4.89796, 0.0992646
0.653061, 4.89796, 0.102003
0.673469, 4.89796, 0.104583
0.693878, 4.89796, 0.106953
0.714286, 4.89796, 0.109042
0.734694, 4.89796, 0.110758
0.755102, 4.89796, 0.11198
0.77551, 4.89796, 0.112546
0.795918, 4.89796, 0.112249
0.816327, 4.89796, 0.110821
0.836735, 4.89796, 0.107942
0.857143, 4.89796, 0.103239
0.877551, 4.89796, 0.0963189
0.897959, 4.89796, 0.086815
0.918367, 4.89796, 0.0744614
0.938776, 4.89796, 0.0591899
0.959184, 4.89796, 0.0412315
0.979592, 4.89796, 0.0211877
1, 4.89796, -2.07737e-06
0, 5.10204, -2.96405e-06
0.0204082, 5.10204, 0.00318142
0.0408163, 5.10204, 0.00635485
0.0612245, 5.10204, 0.00953548
0.0816327, 5.10204, 0.0127169
0.102041, 5.10204, 0.0158936
0.122449, 5.10204, 0.0190656
0.142857, 5.10204, 0.0222361
0.163265, 5.10204, 0.0254076
0.183673, 5.10204, 0.0285808
0.204082, 5.10204, 0.0317541
0.22449, 5.10204, 0.0349246
0.244898, 5.10204, 0.0380898
0.265306, 5.10204, 0.0412481
0.285714, 5.10204, 0.0443995
0.306122, 5.10204, 0.0475449
0.326531, 5.10204, 0.0506858
0.346939, 5.10204, 0.0538235
0.367347, 5.10204, 0.0569581
0.387755, 5.10204, 0.0600885
0.408163, 5.10204, 0.0632124
0.428571, 5.10204, 0.0663265
0.44898, 5.10204, 0.0694273
0.469388, 5.10204, 0.0725113
0.489796, 5.10204, 0.0755753
0.510204, 5.10204, 0.0786162
0.530612, 5.10204, 0.0816304
0.55102, 5.10204, 0.0846131
0.571429, 5.10204, 0.0875565
0.591837, 5.10204, 0.090449
0.612245, 5.10204, 0.0932737
0.632653, 5.10204, 0.096007
0.653061, 5.10204, 0.098617
0.673469, 5.10204, 0.101062
0.693878, 5.10204, 0.103289
0.714286, 5.10204, 0.105226
0.734694, 5.10204, 0.106783
0.755102, 5.10204, 0.107839
0.77551, 5.10204, 0.108237
0.795918, 5.10204, 0.107776
0.816327, 5.10204, 0.106203
0.836735, 5.10204, 0.103217
0.857143, 5.10204, 0.0984758
0.877551, 5.10204, 0.0916279
0.897959, 5.10204, 0.082354
0.918367, 5.10204, 0.0704371
0.938776, 5.10204, 0.0558461
0.959184, 5.10204, 0.0388211
0.979592, 5.10204, 0.0199244
1, 5.10204, -2.96421e-06
0, 5.30612, -3.50966e-06
0.0204082, 5.30612, 0.00309081
0.0408163, 5.30612, 0.00616606
0.0612245, 5.30612, 0.00924514
0.0816327, 5.30612, 0.0123238
0.102041, 5.30612, 0.0153979
0.122449, 5.30612, 0.0184686
0.142857, 5.30612, 0.0215393
0.163265, 5.30612, 0.0246125
0.183673, 5.30612, 0.0276883
0.204082, 5.30612, 0.0307645
0.22449, 5.30612, 0.0338381
0.244898, 5.30612, 0.0369062
0.265306, 5.30612, 0.0399674
0.285714, 5.30612, 0.0430218
0.306122, 5.30612, 0.0460707
0.326531, 5.30612, 0.0491156
0.346939, 5.30612, 0.0521578
0.367347, 5.30612, 0.0551972
0.387755, 5.30612, 0.0582325
0.408163, 5.30612, 0.0612611
0.428571, 5.30612, 0.0642796
0.44898, 5.30612, 0.0672842
0.469388, 5.30612, 0.0702714
0.489796, 5.30612, 0.0732378
0.510204, 5.30612, 0.07618
0.530612, 5.30612, 0.079094
0.55102, 5.30612, 0.0819744
0.571429, 5.30612, 0.0848128
0.591837, 5.30612, 0.0875965
0.612245, 5.30612, 0.0903076
0.632653, 5.30612, 0.0929216
0.653061, 5.30612, 0.0954057
0.673469, 5.30612, 0.0977177
0.693878, 5.30612, 0.0998029
0.714286, 5.30612, 0.101591
0.734694, 5.30612, 0.102992
0.755102, 5.30612, 0.103886
0.77551, 5.30612, 0.104122
0.795918, 5.30612, 0.103506
0.816327, 5.30612, 0.1018
0.836735, 5.30612, 0.0987233
0.857143, 5.30612, 0.0939649
0.877551, 5.30612, 0.0872084
0.897959, 5.30612, 0.078177
0.918367, 5.30612, 0.0666938
0.938776, 5.30612, 0.0527561
0.959184, 5.30612, 0.0366059
0.979592, 5.30612, 0.0187674
1, 5.30612, -3.50971e-06
0, 5.5102, -3.55635e-06
0.0204082, 5.5102, 0.00300201
0.0408163, 5.5102, 0.00598562
0.0612245, 5.5102, 0.00897074
0.0816327, 5.5102, 0.0119543
0.102041, 5.5102, 0.0149334
0.122449, 5.5102, 0.0179098
0.142857, 5.5102, 0.0208869
0.163265, 5.5102, 0.0238673
0.183673, 5.5102, 0.0268507
0.204082, 5.5102, 0.0298349
0.22449, 5.5102, 0.0328165
0.244898, 5.5102, 0.0357929
0.265306, 5.5102, 0.0387626
0.285714, 5.5102, 0.0417259
0.306122, 5.5102, 0.044684
0.326531, 5.5102, 0.0476385
0.346939, 5.5102, 0.0505903
0.367347, 5.5102, 0.0535393
0.387755, 5.5102, 0.0564842
0.408163, 5.5102, 0.0594221
0.428571, 5.5102, 0.0623495
0.44898, 5.5102, 0.0652628
0.469388, 5.5102, 0.0681581
0.489796, 5.5102, 0.0710317
0.510204, 5.5102, 0.0738801
0.530612, 5.5102, 0.0766986
0.55102, 5.5102, 0.0794811
0.571429, 5.5102, 0.0822183
0.591837, 5.5102, 0.0848969
0.612245, 5.5102, 0.0874978
0.632653, 5.5102, 0.0899957
0.653061, 5.5102, 0.0923572
0.673469, 5.5102, 0.0945391
0.693878, 5.5102, 0.0964865
0.714286, 5.5102, 0.0981291
0.734694, 5.5102, 0.0993767
0.755102, 5.5102, 0.100114
0.77551, 5.5102, 0.100193
0.795918, 5.5102, 0.0994301
0.816327, 5.5102, 0.0976017
0.836735, 5.5102, 0.0944481
0.857143, 5.5102, 0.089686
0.877551, 5.5102, 0.0830338
0.897959, 5.5102, 0.0742515
0.918367, 5.5102, 0.063196
0.938776, 5.5102, 0.0498849
0.959184, 5.5102, 0.0345569
0.979592, 5.5102, 0.0176994
1, 5.5102, -3.55704e-06
0, 5.71429, -3.05905e-06
0.0204082, 5.71429, 0.00291259
0.0408163, 5.71429, 0.00581014
0.0612245, 5.71429, 0.00870876
0.0816327, 5.71429, 0.0116052
0.102041, 5.71429, 0.0144971
0.122449, 5.71429, 0.0173863
0.142857, 5.71429, 0.0202761
0.163265, 5.71429, 0.0231689
0.183673, 5.71429, 0.0260646
0.204082, 5.71429, 0.0289609
0.22449, 5.71429, 0.031855
0.244898, 5.71429, 0.0347442
0.265306, 5.71429, 0.0376275
0.285714, 5.71429, 0.0405049
0.306122, 5.71429, 0.0433774
0.326531, 5.71429, 0.0462463
0.346939, 5.71429, 0.0491124
0.367347, 5.71429, 0.0519753
0.387755, 5.71429, 0.0548336
0.408163, 5.71429, 0.0576846
0.428571, 5.71429, 0.0605249
0.44898, 5.71429, 0.0633507
0.469388, 5.71429, 0.0661583
0.489796, 5.71429, 0.0689436
0.510204, 5.71429, 0.0717026
0.530612, 5.71429, 0.0744301
0.55102, 5.71429, 0.077119
0.571429, 5.71429, 0.0797593
0.591837, 5.71429, 0.0823366
0.612245, 5.71429, 0.0848312
0.632653, 5.71429, 0.0872169
0.653061, 5.71429, 0.0894597
0.673469, 5.71429, 0.0915159
0.693878, 5.71429, 0.0933301
0.714286, 5.71429, 0.094832
0.734694, 5.71429, 0.0959325
0.755102, 5.71429, 0.0965184
0.77551, 5.71429, 0.0964478
0.795918, 5.71429, 0.0955457
0.816327, 5.71429, 0.0936031
0.836735, 5.71429, 0.0903814
0.857143, 5.71429, 0.0856244
0.877551, 5.71429, 0.0790827
0.897959, 5.71429, 0.0705498
0.918367, 5.71429, 0.0599109
0.938776, 5.71429, 0.0471992
0.959184, 5.71429, 0.0326463
0.979592, 5.71429, 0.0167041
1, 5.71429, -3.05766e-06
0, 5.91837, -2.17753e-06
0.0204082, 5.91837, 0.0028228
0.0408163, 5.91837, 0.00563879
0.0612245, 5.91837, 0.00845746
0.0816327, 5.91837, 0.0112741
0.102041, 5.91837, 0.0140861
0.122449, 5.91837, 0.0168947
0.142857, 5.91837, 0.0197032
0.163265, 5.91837, 0.0225135
0.183673, 5.91837, 0.0253258
0.204082, 5.91837, 0.0281383
0.22449, 5.91837, 0.0309488
0.244898, 5.91837, 0.0337552
0.265306, 5.91837, 0.0365565
0.285714, 5.91837, 0.0393525
0.306122, 5.91837, 0.042144
0.326531, 5.91837, 0.0449318
0.346939, 5.91837, 0.0477163
0.367347, 5.91837, 0.050497
0.387755, 5.91837, 0.0532724
0.408163, 5.91837, 0.0560399
0.428571, 5.91837, 0.0587964
0.44898, 5.91837, 0.0615382
0.469388, 5.91837, 0.0642615
0.489796, 5.91837, 0.0669623
0.510204, 5.91837, 0.0696358
0.530612, 5.91837, 0.0722761
0.55102, 5.91837, 0.0748754
0.571429, 5.91837, 0.0774226
0.591837, 5.91837, 0.0799025
0.612245, 5.91837, 0.0822948
0.632653, 5.91837, 0.0845725
0.653061, 5.91837, 0.0867011
0.673469, 5.91837, 0.0886365
0.693878, 5.91837, 0.0903231
0.714286, 5.91837, 0.0916907
0.734694, 5.91837, 0.092651
0.755102, 5.91837, 0.0930935
0.77551, 5.91837, 0.0928812
0.795918, 5.91837, 0.0918484
0.816327, 5.91837, 0.0898002
0.836735, 5.91837, 0.086518
0.857143, 5.91837, 0.0817717
0.877551, 5.91837, 0.075342
0.897959, 5.91837, 0.067053
0.918367, 5.91837, 0.0568154
0.938776, 5.91837, 0.0446742
0.959184, 5.91837, 0.0308526
0.979592, 5.91837, 0.015769
1, 5.91837, -2.17687e-06
0, 6.12245, -1.19951e-06
0.0204082, 6.12245, 0.00273508
0.0408163, 6.12245, 0.00547332
0.0612245, 6.12245, 0.00821702
0.0816327, 6.12245, 0.0109596
0.102041, 6.12245, 0.0136974
0.122449, 6.12245, 0.0164313
0.142857, 6.12245, 0.0191637
0.163265, 6.12245, 0.0218963
0.183673, 6.12245, 0.0246296
0.204082, 6.12245, 0.0273626
0.22449, 6.12245, 0.0300936
0.244898, 6.12245, 0.0328212
0.265306, 6.12245, 0.0355445
0.285714, 6.12245, 0.0382633
0.306122, 6.12245, 0.0409779
0.326531, 6.12245, 0.0436887
0.346939, 6.12245, 0.0463955
0.367347, 6.12245, 0.0490976
0.387755, 6.12245, 0.0517935
0.408163, 6.12245, 0.0544808
0.428571, 6.12245, 0.0571566
0.44898, 6.12245, 0.0598175
0.469388, 6.12245, 0.0624597
0.489796, 6.12245, 0.065079
0.510204, 6.12245, 0.0676702
0.530612, 6.12245, 0.0702266
0.55102, 6.12245, 0.0727394
0.571429, 6.12245, 0.0751968
0.591837, 6.12245, 0.0775828
0.612245, 6.12245, 0.0798762
0.632653, 6.12245, 0.0820498
0.653061, 6.12245, 0.0840685
0.673469, 6.12245, 0.0858882
0.693878, 6.12245, 0.087453
0.714286, 6.12245, 0.0886932
0.734694, 6.12245, 0.0895213
0.755102, 6.12245, 0.0898295
0.77551, 6.12245, 0.0894856
0.795918, 6.12245, 0.0883326
0.816327, 6.12245, 0.0861889
0.836735, 6.12245, 0.0828548
0.857143, 6.12245, 0.0781243
0.877551, 6.12245, 0.0718062
0.897959, 6.12245, 0.0637529
0.918367, 6.12245, 0.0538979
0.938776, 6.12245, 0.0422971
0.959184, 6.12245, 0.0291648
0.979592, 6.12245, 0.0148889
1, 6.12245, -1.19956e-06
0, 6.32653, -4.49599e-07
0.0204082, 6.32653, 0.00265308
0.0408163, 6.32653, 0.00531709
0.0612245, 6.32653, 0.00798903
0.0816327, 6.32653, 0.010661
0.102041, 6.32653, 0.0133287
0.122449, 6.32653, 0.0159921
0.142857, 6.32653, 0.0186527
0.163265, 6.32653, 0.0213122
0.183673, 6.32653, 0.0239711
0.204082, 6.32653, 0.0266289
0.22449, 6.32653, 0.0292848
0.244898, 6.32653, 0.0319377
0.265306, 6.32653, 0.034587
0.285714, 6.32653, 0.0372324
0.306122, 6.32653, 0.0398738
0.326531, 6.32653, 0.0425111
0.346939, 6.32653, 0.0451439
0.367347, 6.32653, 0.047771
0.387755, 6.32653, 0.050391
0.408163, 6.32653, 0.0530015
0.428571, 6.32653, 0.0555999
0.44898, 6.32653, 0.0581829
0.469388, 6.32653, 0.0607469
0.489796, 6.32653, 0.0632873
0.510204, 6.32653, 0.0657985
0.530612, 6.32653, 0.0682733
0.55102, 6.32653, 0.070702
0.571429, 6.32653, 0.0730721
0.591837, 6.32653, 0.0753667
0.612245, 6.32653, 0.0775642
0.632653, 6.32653, 0.0796368
0.653061, 6.32653, 0.0815495
0.673469, 6.32653, 0.0832579
0.693878, 6.32653, 0.0847064
0.714286, 6.32653, 0.0858258
0.734694, 6.32653, 0.08653
0.755102, 6.32653, 0.0867137
0.77551, 6.32653, 0.0862498
0.795918, 6.32653, 0.0849892
0.816327, 6.32653, 0.0827627
0.836735, 6.32653, 0.0793878
0.857143, 6.32653, 0.0746806
0.877551, 6.32653, 0.068475
0.897959, 6.32653, 0.0606492
0.918367, 6.32653, 0.0511576
0.938776, 6.32653, 0.0400662
0.959184, 6.32653, 0.0275818
0.979592, 6.32653, 0.0140642
1, 6.32653, -4.49481e-07
0, 6.53061, -1.65556e-07
0.0204082, 6.53061, 0.00258034
0.0408163, 6.53061, 0.00517342
0.0612245, 6.53061, 0.00777538
0.0816327, 6.53061, 0.0103783
0.102041, 6.53061, 0.0129779
0.122449, 6.53061, 0.0155735
0.142857, 6.53061, 0.0181659
0.163265, 6.53061, 0.0207564
0.183673, 6.53061, 0.0233454
0.204082, 6.53061, 0.0259327
0.22449, 6.53061, 0.0285179
0.244898, 6.53061, 0.0311003
0.265306, 6.53061, 0.0336794
0.285714, 6.53061, 0.0362549
0.306122, 6.53061, 0.0388265
0.326531, 6.53061, 0.0413938
0.346939, 6.53061, 0.0439559
0.367347, 6.53061, 0.0465117
0.387755, 6.53061, 0.0490594
0.408163, 6.53061, 0.0515968
0.428571, 6.53061, 0.0541213
0.44898, 6.53061, 0.0566296
0.469388, 6.53061, 0.059118
0.489796, 6.53061, 0.0615818
0.510204, 6.53061, 0.064015
0.530612, 6.53061, 0.0664099
0.55102, 6.53061, 0.0687562
0.571429, 6.53061, 0.0710405
0.591837, 6.53061, 0.0732456
0.612245, 6.53061, 0.0753493
0.632653, 6.53061, 0.0773236
0.653061, 6.53061, 0.0791331
0.673469, 6.53061, 0.0807338
0.693878, 6.53061, 0.0820706
0.714286, 6.53061, 0.083075
0.734694, 6.53061, 0.083663
0.755102, 6.53061, 0.0837319
0.77551, 6.53061, 0.08316
0.795918, 6.53061, 0.0818058
0.816327, 6.53061, 0.0795115
0.836735, 6.53061, 0.07611
0.857143, 6.53061, 0.0714368
0.877551, 6.53061, 0.065348
0.897959, 6.53061, 0.0577443
0.918367, 6.53061, 0.0485989
0.938776, 6.53061, 0.037987
0.959184, 6.53061, 0.026109
0.979592, 6.53061, 0.0132989
1, 6.53061, -1.65506e-07
0, 6.73469, -4.00713e-07
0.0204082, 6.73469, 0.00251782
0.0408163, 6.73469, 0.00504386
0.0612245, 6.73469, 0.00757704
0.0816327, 6.73469, 0.0101116
0.102041, 6.73469, 0.012644
0.122449, 6.73469, 0.0151733
0.142857, 6.73469, 0.0177002
0.163265, 6.73469, 0.0202252
0.183673, 6.73469, 0.0227485
0.204082, 6.73469, 0.0252699
0.22449, 6.73469, 0.0277888
0.244898, 6.73469, 0.0303048
0.265306, 6.73469, 0.0328174
0.285714, 6.73469, 0.0353263
0.306122, 6.73469, 0.0378312
0.326531, 6.73469, 0.0403317
0.346939, 6.73469, 0.0428266
0.367347, 6.73469, 0.0453146
0.387755, 6.73469, 0.0477938
0.408163, 6.73469, 0.0502618
0.428571, 6.73469, 0.0527159
0.44898, 6.73469, 0.0551527
0.469388, 6.73469, 0.0575683
0.489796, 6.73469, 0.0599577
0.510204, 6.73469, 0.0623147
0.530612, 6.73469, 0.0646311
0.55102, 6.73469, 0.0668962
0.571429, 6.73469, 0.069096
0.591837, 6.73469, 0.071213
0.612245, 6.73469, 0.0732244
0.632653, 6.73469, 0.0751021
0.653061, 6.73469, 0.0768108
0.673469, 6.73469, 0.0783066
0.693878, 6.73469, 0.0795352
0.714286, 6.73469, 0.0804294
0.734694, 6.73469, 0.0809075
0.755102, 6.73469, 0.0808706
0.77551, 6.73469, 0.080202
0.795918, 6.73469, 0.0787682
0.816327, 6.73469, 0.0764219
0.836735, 6.73469, 0.0730097
0.857143, 6.73469, 0.0683841
0.877551, 6.73469, 0.0624201
0.897959, 6.73469, 0.0550371
0.918367, 6.73469, 0.0462243
0.938776, 6.73469, 0.0360642
0.959184, 6.73469, 0.0247518
0.979592, 6.73469, 0.012597
1, 6.73469, -4.00775e-07
0, 6.93878, -9.87769e-07
0.0204082, 6.93878, 0.00246422
0.0408163, 6.93878, 0.00492698
0.0612245, 6.93878, 0.00739312
0.0816327, 6.93878, 0.00986021
0.102041, 6.93878, 0.0123262
0.122449, 6.93878, 0.0147907
0.142857, 6.93878, 0.0172541
0.163265, 6.93878, 0.0197166
0.183673, 6.93878, 0.0221779
0.204082, 6.93878, 0.0246374
0.22449, 6.93878, 0.027094
0.244898, 6.93878, 0.0295473
0.265306, 6.93878, 0.0319968
0.285714, 6.93878, 0.0344424
0.306122, 6.93878, 0.0368837
0.326531, 6.93878, 0.0393202
0.346939, 6.93878, 0.041751
0.367347, 6.93878, 0.0441746
0.387755, 6.93878, 0.0465887
0.408163, 6.93878, 0.0489909
0.428571, 6.93878, 0.051378
0.44898, 6.93878, 0.0537465
0.469388, 6.93878, 0.0560921
0.489796, 6.93878, 0.0584095
0.510204, 6.93878, 0.0606922
0.530612, 6.93878, 0.0629316
0.55102, 6.93878, 0.0651168
0.571429, 6.93878, 0.0672335
0.591837, 6.93878, 0.0692636
0.612245, 6.93878, 0.0711843
0.632653, 6.93878, 0.0729672
0.653061, 6.93878, 0.074577
0.673469, 6.93878, 0.0759703
0.693878, 6.93878, 0.0770936
0.714286, 6.93878, 0.0778816
0.734694, 6.93878, 0.0782551
0.755102, 6.93878, 0.0781195
0.77551, 6.93878, 0.0773639
0.795918, 6.93878, 0.0758626
0.816327, 6.93878, 0.0734787
0.836735, 6.93878, 0.0700713
0.857143, 6.93878, 0.0655075
0.877551, 6.93878, 0.0596781
0.897959, 6.93878, 0.0525178
0.918367, 6.93878, 0.0440276
0.938776, 6.93878, 0.0342955
0.959184, 6.93878, 0.0235098
0.979592, 6.93878, 0.0119581
1, 6.93878, -9.88102e-07
0, 7.14286, -1.59056e-06
0.0204082, 7.14286, 0.00241504
0.0408163, 7.14286, 0.0048184
0.0612245, 7.14286, 0.00722065
0.0816327, 7.14286, 0.0096227
0.102041, 7.14286, 0.0120243
0.122449, 7.14286, 0.0144259
0.142857, 7.14286, 0.016828
0.163265, 7.14286, 0.0192305
0.183673, 7.14286, 0.0216327
0.204082, 7.14286, 0.0240332
0.22449, 7.14286, 0.0264309
0.244898, 7.14286, 0.0288247
0.265306, 7.14286, 0.0312143
0.285714, 7.14286, 0.0335994
0.306122, 7.14286, 0.0359799
0.326531, 7.14286, 0.0383553
0.346939, 7.14286, 0.0407248
0.367347, 7.14286, 0.0430868
0.387755, 7.14286, 0.0454388
0.408163, 7.14286, 0.0477782
0.428571, 7.14286, 0.0501014
0.44898, 7.14286, 0.0524045
0.469388, 7.14286, 0.0546828
0.489796, 7.14286, 0.0569307
0.510204, 7.14286, 0.0591413
0.530612, 7.14286, 0.0613058
0.55102, 7.14286, 0.063413
0.571429, 7.14286, 0.0654484
0.591837, 7.14286, 0.0673936
0.612245, 7.14286, 0.0692256
0.632653, 7.14286, 0.0709158
0.653061, 7.14286, 0.0724291
0.673469, 7.14286, 0.0737224
0.693878, 7.14286, 0.0747435
0.714286, 7.14286, 0.0754287
0.734694, 7.14286, 0.075702
0.755102, 7.14286, 0.0754733
0.77551, 7.14286, 0.0746379
0.795918, 7.14286, 0.0730784
0.816327, 7.14286, 0.0706678
0.836735, 7.14286, 0.0672774
0.857143, 7.14286, 0.062787
0.877551, 7.14286, 0.057101
0.897959, 7.14286, 0.0501659
0.918367, 7.14286, 0.0419912
0.938776, 7.14286, 0.0326665
0.959184, 7.14286, 0.0223725
0.979592, 7.14286, 0.0113757
1, 7.14286, -1.59014e-06
0, 7.34694, -1.83779e-06
0.0204082, 7.34694, 0.00236473
0.0408163, 7.34694, 0.0047122
0.0612245, 7.34694, 0.00705531
0.0816327, 7.34694, 0.00939689
0.102041, 7.34694, 0.011738
0.122449, 7.34694, 0.0140797
0.142857, 7.34694, 0.016423
0.163265, 7.34694, 0.0187678
0.183673, 7.34694, 0.0211128
0.204082, 7.34694, 0.0234566
0.22449, 7.34694, 0.0257976
0.244898, 7.34694, 0.0281345
0.265306, 7.34694, 0.0304668
0.285714, 7.34694, 0.0327941
0.306122, 7.34694, 0.0351164
0.326531, 7.34694, 0.0374333
0.346939, 7.34694, 0.0397439
0.367347, 7.34694, 0.0420466
0.387755, 7.34694, 0.0443388
0.408163, 7.34694, 0.0466177
0.428571, 7.34694, 0.0488793
0.44898, 7.34694, 0.0511194
0.469388, 7.34694, 0.0533329
0.489796, 7.34694, 0.0555139
0.510204, 7.34694, 0.0576551
0.530612, 7.34694, 0.0597474
0.55102, 7.34694, 0.0617793
0.571429, 7.34694, 0.063736
0.591837, 7.34694, 0.065599
0.612245, 7.34694, 0.0673451
0.632653, 7.34694, 0.0689457
0.653061, 7.34694, 0.0703657
0.673469, 7.34694, 0.0715626
0.693878, 7.34694, 0.072485
0.714286, 7.34694, 0.0730715
0.734694, 7.34694, 0.0732489
0.755102, 7.34694, 0.0729317
0.77551, 7.34694, 0.0720217
0.795918, 7.34694, 0.0704096
0.816327, 7.34694, 0.0679788
0.836735, 7.34694, 0.064612
0.857143, 7.34694, 0.0602015
0.877551, 7.34694, 0.0546633
0.897959, 7.34694, 0.0479537
0.918367, 7.34694, 0.0400873
0.938776, 7.34694, 0.0311524
0.959184, 7.34694, 0.0213201
0.979592, 7.34694, 0.0108373
1, 7.34694, -1.83739e-06
0, 7.55102, -1.50135e-06
0.0204082, 7.55102, 0.00230898
0.0408163, 7.55102, 0.00460337
0.0612245, 7.55102, 0.00689306
0.0816327, 7.55102, 0.00918029
0.102041, 7.55102, 0.0114663
0.122449, 7.55102, 0.0137526
0.142857, 7.55102, 0.0160402
0.163265, 7.55102, 0.0183292
0.183673, 7.55102, 0.0206187
0.204082, 7.55102, 0.0229072
0.22449, 7.55102, 0.025193
0.244898, 7.55102, 0.0274748
0.265306, 7.55102, 0.0297519
0.285714, 7.55102, 0.0320239
0.306122, 7.55102, 0.0342904
0.326531, 7.55102, 0.0365511
0.346939, 7.55102, 0.0388048
0.367347, 7.55102, 0.0410499
0.387755, 7.55102, 0.043284
0.408163, 7.55102, 0.0455038
0.428571, 7.55102, 0.0477055
0.44898, 7.55102, 0.0498845
0.469388, 7.55102, 0.0520355
0.489796, 7.55102, 0.0541521
0.510204, 7.55102, 0.0562268
0.530612, 7.55102, 0.05825
0.55102, 7.55102, 0.0602098
0.571429, 7.55102, 0.0620912
0.591837, 7.55102, 0.0638755
0.612245, 7.55102, 0.0655394
0.632653, 7.55102, 0.0670543
0.653061, 7.55102, 0.0683852
0.673469, 7.55102, 0.0694902
0.693878, 7.55102, 0.0703189
0.714286, 7.55102, 0.0708115
0.734694, 7.55102, 0.0708979
0.755102, 7.55102, 0.0704967
0.77551, 7.55102, 0.069516
0.795918, 7.55102, 0.0678546
0.816327, 7.55102, 0.0654059
0.836735, 7.55102, 0.0620642
0.857143, 7.55102, 0.0577338
0.877551, 7.55102, 0.0523419
0.897959, 7.55102, 0.045853
0.918367, 7.55102, 0.0382852
0.938776, 7.55102, 0.0297237
0.959184, 7.55102, 0.0203282
0.979592, 7.55102, 0.0103284
1, 7.55102, -1.50137e-06
0, 7.7551, -6.38754e-07
0.0204082, 7.7551, 0.00224724
0.0408163, 7.7551, 0.00449043
0.0612245, 7.7551, 0.0067319
0.0816327, 7.7551, 0.00897094
0.102041, 7.7551, 0.0112077
0.122449, 7.7551, 0.0134432
0.142857, 7.7551, 0.0156787
0.163265, 7.7551, 0.0179143
0.183673, 7.7551, 0.0201499
0.204082, 7.7551, 0.0223842
0.22449, 7.7551, 0.024616
0.244898, 7.7551, 0.0268442
0.265306, 7.7551, 0.0290679
0.285714, 7.7551, 0.0312866
0.306122, 7.7551, 0.0334995
0.326531, 7.7551, 0.0357058
0.346939, 7.7551, 0.0379044
0.367347, 7.7551, 0.0400935
0.387755, 7.7551, 0.0422705
0.408163, 7.7551, 0.0444325
0.428571, 7.7551, 0.0465754
0.44898, 7.7551, 0.0486947
0.469388, 7.7551, 0.050785
0.489796, 7.7551, 0.0528395
0.510204, 7.7551, 0.0548503
0.530612, 7.7551, 0.0568074
0.55102, 7.7551, 0.0586985
0.571429, 7.7551, 0.0605083
0.591837, 7.7551, 0.0622178
0.612245, 7.7551, 0.0638036
0.632653, 7.7551, 0.0652372
0.653061, 7.7551, 0.066484
0.673469, 7.7551, 0.0675025
0.693878, 7.7551, 0.0682432
0.714286, 7.7551, 0.0686481
0.734694, 7.7551, 0.0686493
0.755102, 7.7551, 0.0681696
0.77551, 7.7551, 0.0671225
0.795918, 7.7551, 0.0654145
0.816327, 7.7551, 0.0629485
0.836735, 7.7551, 0.0596299
0.857143, 7.7551, 0.055375
0.877551, 7.7551, 0.050122
0.897959, 7.7551, 0.0438437
0.918367, 7.7551, 0.0365612
0.938776, 7.7551, 0.0283559
0.959184, 7.7551, 0.0193767
0.979592, 7.7551, 0.00983734
1, 7.7551, -6.38735e-07
0, 7.95918, 3.71221e-07
0.0204082, 7.95918, 0.00218375
0.0408163, 7.95918, 0.0043769
0.0612245, 7.95918, 0.00657318
0.0816327, 7.95918, 0.00876809
0.102041, 7.95918, 0.01096
0.122449, 7.95918, 0.0131488
0.142857, 7.95918, 0.0153355
0.163265, 7.95918, 0.0175205
0.183673, 7.95918, 0.019704
0.204082, 7.95918, 0.0218857
0.22449, 7.95918, 0.024065
0.244898, 7.95918, 0.0262411
0.265306, 7.95918, 0.0284132
0.285714, 7.95918, 0.0305803
0.306122, 7.95918, 0.0327414
0.326531, 7.95918, 0.0348953
0.346939, 7.95918, 0.0370405
0.367347, 7.95918, 0.0391749
0.387755, 7.95918, 0.0412962
0.408163, 7.95918, 0.0434014
0.428571, 7.95918, 0.0454866
0.44898, 7.95918, 0.0475475
0.469388, 7.95918, 0.0495785
0.489796, 7.95918, 0.0515727
0.510204, 7.95918, 0.0535217
0.530612, 7.95918, 0.0554152
0.55102, 7.95918, 0.0572405
0.571429, 7.95918, 0.0589817
0.591837, 7.95918, 0.0606198
0.612245, 7.95918, 0.0621313
0.632653, 7.95918, 0.0634878
0.653061, 7.95918, 0.0646552
0.673469, 7.95918, 0.0655925
0.693878, 7.95918, 0.0662514
0.714286, 7.95918, 0.0665751
0.734694, 7.95918, 0.0664983
0.755102, 7.95918, 0.0659471
0.77551, 7.95918, 0.0648398
0.795918, 7.95918, 0.0630896
0.816327, 7.95918, 0.0606082
0.836735, 7.95918, 0.0573113
0.857143, 7.95918, 0.0531264
0.877551, 7.95918, 0.0480026
0.897959, 7.95918, 0.0419211
0.918367, 7.95918, 0.0349071
0.938776, 7.95918, 0.0270395
0.959184, 7.95918, 0.0184575
0.979592, 7.95918, 0.00936099
1, 7.95918, 3.71143e-07
0, 8.16327, 9.74223e-07
0.0204082, 8.16327, 0.00212628
0.0408163, 8.16327, 0.0042703
0.0612245, 8.16327, 0.00642127
0.0816327, 8.16327, 0.00857251
0.102041, 8.16327, 0.0107208
0.122449, 8.16327, 0.0128652
0.142857, 8.16327, 0.0150057
0.163265, 8.16327, 0.0171429
0.183673, 8.16327, 0.0192772
0.204082, 8.16327, 0.0214088
0.22449, 8.16327, 0.0235379
0.244898, 8.16327, 0.0256638
0.265306, 8.16327, 0.027786
0.285714, 8.16327, 0.0299032
0.306122, 8.16327, 0.0320142
0.326531, 8.16327, 0.0341174
0.346939, 8.16327, 0.0362109
0.367347, 8.16327, 0.0382925
0.387755, 8.16327, 0.0403598
0.408163, 8.16327, 0.0424098
0.428571, 8.16327, 0.044439
0.44898, 8.16327, 0.0464428
0.469388, 8.16327, 0.0484158
0.489796, 8.16327, 0.0503509
0.510204, 8.16327, 0.0522395
0.530612, 8.16327, 0.0540709
0.55102, 8.16327, 0.055832
0.571429, 8.16327, 0.0575067
0.591837, 8.16327, 0.0590757
0.612245, 8.16327, 0.0605155
0.632653, 8.16327, 0.061798
0.653061, 8.16327, 0.0628895
0.673469, 8.16327, 0.0637501
0.693878, 8.16327, 0.0643324
0.714286, 8.16327, 0.0645815
0.734694, 8.16327, 0.0644341
0.755102, 8.16327, 0.0638195
0.77551, 8.16327, 0.0626606
0.795918, 8.16327, 0.0608762
0.816327, 8.16327, 0.0583855
0.836735, 8.16327, 0.055113
0.857143, 8.16327, 0.0509963
0.877551, 8.16327, 0.0459943
0.897959, 8.16327, 0.0400967
0.918367, 8.16327, 0.0333336
0.938776, 8.16327, 0.0257835
0.959184, 8.16327, 0.0175788
0.979592, 8.16327, 0.00890614
1, 8.16327, 9.74139e-07
0, 8.36735, 7.39608e-07
0.0204082, 8.36735, 0.00208205
0.0408163, 8.36735, 0.00417838
0.0612245, 8.36735, 0.00628143
0.0816327, 8.36735, 0.00838599
0.102041, 8.36735, 0.0104889
0.122449, 8.36735, 0.0125886
0.142857, 8.36735, 0.0146845
0.163265, 8.36735, 0.0167764
0.183673, 8.36735, 0.0188647
0.204082, 8.36735, 0.0209497
0.22449, 8.36735, 0.0230315
0.244898, 8.36735, 0.0251099
0.265306, 8.36735, 0.0271842
0.285714, 8.36735, 0.0292533
0.306122, 8.36735, 0.0313158
0.326531, 8.36735, 0.03337
0.346939, 8.36735, 0.0354138
0.367347, 8.36735, 0.0374448
0.387755, 8.36735, 0.0394605
0.408163, 8.36735, 0.0414579
0.428571, 8.36735, 0.0434331
0.44898, 8.36735, 0.0453817
0.469388, 8.36735, 0.0472981
0.489796, 8.36735, 0.0491751
0.510204, 8.36735, 0.051004
0.530612, 8.36735, 0.0527738
0.55102, 8.36735, 0.0544711
0.571429, 8.36735, 0.0560799
0.591837, 8.36735, 0.0575806
0.612245, 8.36735, 0.0589499
0.632653, 8.36735, 0.06016
0.653061, 8.36735, 0.0611779
0.673469, 8.36735, 0.0619645
0.693878, 8.36735, 0.0624741
0.714286, 8.36735, 0.0626535
0.734694, 8.36735, 0.0624423
0.755102, 8.36735, 0.0617729
0.77551, 8.36735, 0.0605725
0.795918, 8.36735, 0.0587651
0.816327, 8.36735, 0.0562759
0.836735, 8.36735, 0.0530368
0.857143, 8.36735, 0.0489931
0.877551, 8.36735, 0.0441117
0.897959, 8.36735, 0.0383899
0.918367, 8.36735, 0.0318629
0.938776, 8.36735, 0.0246106
0.959184, 8.36735, 0.0167604
0.979592, 8.36735, 0.00848603
1, 8.36735, 7.39661e-07
0, 8.57143, -2.79674e-07
0.0204082, 8.57143, 0.00205218
0.0408163, 8.57143, 0.00410333
0.0612245, 8.57143, 0.00615604
0.0816327, 8.57143, 0.0082101
0.102041, 8.57143, 0.0102644
0.122449, 8.57143, 0.0123178
0.142857, 8.57143, 0.0143692
0.163265, 8.57143, 0.0164179
0.183673, 8.57143, 0.0184634
0.204082, 8.57143, 0.0205052
0.22449, 8.57143, 0.0225431
0.244898, 8.57143, 0.0245767
0.265306, 8.57143, 0.0266054
0.285714, 8.57143, 0.0286282
0.306122, 8.57143, 0.0306439
0.326531, 8.57143, 0.0326509
0.346939, 8.57143, 0.0346471
0.367347, 8.57143, 0.0366301
0.387755, 8.57143, 0.038597
0.408163, 8.57143, 0.0405444
0.428571, 8.57143, 0.0424684
0.44898, 8.57143, 0.044364
0.469388, 8.57143, 0.0462254
0.489796, 8.57143, 0.0480454
0.510204, 8.57143, 0.0498151
0.530612, 8.57143, 0.0515234
0.55102, 8.57143, 0.053157
0.571429, 8.57143, 0.0546997
0.591837, 8.57143, 0.0561322
0.612245, 8.57143, 0.0574314
0.632653, 8.57143, 0.0585696
0.653061, 8.57143, 0.0595148
0.673469, 8.57143, 0.0602289
0.693878, 8.57143, 0.0606679
0.714286, 8.57143, 0.0607811
0.734694, 8.57143, 0.0605111
0.755102, 8.57143, 0.0597941
0.77551, 8.57143, 0.0585617
0.795918, 8.57143, 0.0567428
0.816327, 8.57143, 0.0542682
0.836735, 8.57143, 0.0510751
0.857143, 8.57143, 0.047115
0.877551, 8.57143, 0.0423603
0.897959, 8.57143, 0.0368134
0.918367, 8.57143, 0.0305134
0.938776, 8.57143, 0.0235413
0.959184, 8.57143, 0.0160204
0.979592, 8.57143, 0.00811132
1, 8.57143, -2.79792e-07
0, 8.77551, -1.36811e-06
0.0204082, 8.77551, 0.00202789
0.0408163, 8.77551, 0.00403739
0.0612245, 8.77551, 0.00604115
0.0816327, 8.77551, 0.00804452
0.102041, 8.77551, 0.0100493
0.122449, 8.77551, 0.0120555
0.142857, 8.77551, 0.0140624
0.163265, 8.77551, 0.0160688
0.183673, 8.77551, 0.0180731
0.204082, 8.77551, 0.0200741
0.22449, 8.77551, 0.0220707
0.244898, 8.77551, 0.024062
0.265306, 8.77551, 0.0260472
0.285714, 8.77551, 0.0280257
0.306122, 8.77551, 0.0299964
0.326531, 8.77551, 0.031958
0.346939, 8.77551, 0.0339086
0.367347, 8.77551, 0.0358456
0.387755, 8.77551, 0.037766
0.408163, 8.77551, 0.0396659
0.428571, 8.77551, 0.0415409
0.44898, 8.77551, 0.0433858
0.469388, 8.77551, 0.0451942
0.489796, 8.77551, 0.0469587
0.510204, 8.77551, 0.0486702
0.530612, 8.77551, 0.0503179
0.55102, 8.77551, 0.0518884
0.571429, 8.77551, 0.0533657
0.591837, 8.77551, 0.0547307
0.612245, 8.77551, 0.0559604
0.632653, 8.77551, 0.0570279
0.653061, 8.77551, 0.0579015
0.673469, 8.77551, 0.0585446
0.693878, 8.77551, 0.0589149
0.714286, 8.77551, 0.0589642
0.734694, 8.77551, 0.0586384
0.755102, 8.77551, 0.0578781
0.77551, 8.77551, 0.0566194
0.795918, 8.77551, 0.0547967
0.816327, 8.77551, 0.0523459
0.836735, 8.77551, 0.0492096
0.857143, 8.77551, 0.0453436
0.877551, 8.77551, 0.0407241
0.897959, 8.77551, 0.0353561
0.918367, 8.77551, 0.0292798
0.938776, 8.77551, 0.0225745
0.959184, 8.77551, 0.0153583
0.979592, 8.77551, 0.00777934
1, 8.77551, -1.36822e-06
0, 8.97959, -1.4369e-06
0.0204082, 8.97959, 0.00199284
0.0408163, 8.97959, 0.00396419
0.0612245, 8.97959, 0.00592648
0.0816327, 8.97959, 0.00788598
0.102041, 8.97959, 0.00984584
0.122449, 8.97959, 0.0118074
0.142857, 8.97959, 0.0137708
0.163265, 8.97959, 0.0157349
0.183673, 8.97959, 0.017698
0.204082, 8.97959, 0.0196583
0.22449, 8.97959, 0.0216143
0.244898, 8.97959, 0.0235645
0.265306, 8.97959, 0.025508
0.285714, 8.97959, 0.0274439
0.306122, 8.97959, 0.0293714
0.326531, 8.97959, 0.0312892
0.346939, 8.97959, 0.0331954
0.367347, 8.97959, 0.0350876
0.387755, 8.97959, 0.0369625
0.408163, 8.97959, 0.0388161
0.428571, 8.97959, 0.0406435
0.44898, 8.97959, 0.0424391
0.469388, 8.97959, 0.0441963
0.489796, 8.97959, 0.0459074
0.510204, 8.97959, 0.0475631
0.530612, 8.97959, 0.0491526
0.55102, 8.97959, 0.0506625
0.571429, 8.97959, 0.0520771
0.591837, 8.97959, 0.0533772
0.612245, 8.97959, 0.0545405
0.632653, 8.97959, 0.0555402
0.653061, 8.97959, 0.0563456
0.673469, 8.97959, 0.056921
0.693878, 8.97959, 0.0572257
0.714286, 8.97959, 0.0572138
0.734694, 8.97959, 0.0568344
0.755102, 8.97959, 0.0560318
0.77551, 8.97959, 0.0547474
0.795918, 8.97959, 0.0529209
0.816327, 8.97959, 0.0504942
0.836735, 8.97959, 0.0474156
0.857143, 8.97959, 0.0436459
0.877551, 8.97959, 0.0391647
0.897959, 8.97959, 0.0339777
0.918367, 8.97959, 0.0281232
0.938776, 8.97959, 0.0216756
0.959184, 8.97959, 0.0147449
0.979592, 8.97959, 0.00746916
1, 8.97959, -1.4369e-06
0, 9.18367, 4.52325e-08
0.0204082, 9.18367, 0.00193562
0.0408163, 9.18367, 0.00387031
0.0612245, 9.18367, 0.00580172
0.0816327, 9.18367, 0.0077294
0.102041, 9.18367, 0.00965431
0.122449, 9.18367, 0.0115777
0.142857, 9.18367, 0.0135004
0.163265, 9.18367, 0.0154225
0.183673, 9.18367, 0.0173431
0.204082, 9.18367, 0.0192613
0.22449, 9.18367, 0.0211755
0.244898, 9.18367, 0.0230845
0.265306, 9.18367, 0.024987
0.285714, 9.18367, 0.0268818
0.306122, 9.18367, 0.0287676
0.326531, 9.18367, 0.0306427
0.346939, 9.18367, 0.0325053
0.367347, 9.18367, 0.0343526
0.387755, 9.18367, 0.0361817
0.408163, 9.18367, 0.0379884
0.428571, 9.18367, 0.039768
0.44898, 9.18367, 0.041515
0.469388, 9.18367, 0.0432224
0.489796, 9.18367, 0.0448825
0.510204, 9.18367, 0.0464857
0.530612, 9.18367, 0.0480209
0.55102, 9.18367, 0.0494747
0.571429, 9.18367, 0.0508312
0.591837, 9.18367, 0.0520717
0.612245, 9.18367, 0.0531738
0.632653, 9.18367, 0.0541115
0.653061, 9.18367, 0.0548547
0.673469, 9.18367, 0.0553684
0.693878, 9.18367, 0.0556132
0.714286, 9.18367, 0.0555447
0.734694, 9.18367, 0.0551143
0.755102, 9.18367, 0.0542698
0.77551, 9.18367, 0.0529565
0.795918, 9.18367, 0.0511199
0.816327, 9.18367, 0.0487083
0.836735, 9.18367, 0.045677
0.857143, 9.18367, 0.0419929
0.877551, 9.18367, 0.0376404
0.897959, 9.18367, 0.0326268
0.918367, 9.18367, 0.0269874
0.938776, 9.18367, 0.0207897
0.959184, 9.18367, 0.0141341
0.979592, 9.18367, 0.00715204
1, 9.18367, 4.35694e-08
0, 9.38776, 1.79231e-06
0.0204082, 9.38776, 0.00186924
0.0408163, 9.38776, 0.00376523
0.0612245, 9.38776, 0.00566926
0.0816327, 9.38776, 0.00757187
0.102041, 9.38776, 0.00946947
0.122449, 9.38776, 0.0113612
0.142857, 9.38776, 0.0132477
0.163265, 9.38776, 0.0151299
0.183673, 9.38776, 0.0170085
0.204082, 9.38776, 0.0188838
0.22449, 9.38776, 0.0207556
0.244898, 9.38776, 0.022623
0.265306, 9.38776, 0.0244848
0.285714, 9.38776, 0.0263391
0.306122, 9.38776, 0.028184
0.326531, 9.38776, 0.0300173
0.346939, 9.38776, 0.0318366
0.367347, 9.38776, 0.0336392
0.387755, 9.38776, 0.035422
0.408163, 9.38776, 0.0371813
0.428571, 9.38776, 0.0389129
0.44898, 9.38776, 0.0406113
0.469388, 9.38776, 0.04227
0.489796, 9.38776, 0.0438808
0.510204, 9.38776, 0.0454341
0.530612, 9.38776, 0.0469185
0.55102, 9.38776, 0.0483202
0.571429, 9.38776, 0.0496234
0.591837, 9.38776, 0.0508092
0.612245, 9.38776, 0.0518557
0.632653, 9.38776, 0.0527373
0.653061, 9.38776, 0.0534244
0.673469, 9.38776, 0.053883
0.693878, 9.38776, 0.0540744
0.714286, 9.38776, 0.0539556
0.734694, 9.38776, 0.0534795
0.755102, 9.38776, 0.0525961
0.77551, 9.38776, 0.0512542
0.795918, 9.38776, 0.0494039
0.816327, 9.38776, 0.0469995
0.836735, 9.38776, 0.044003
0.857143, 9.38776, 0.0403885
0.877551, 9.38776, 0.0361465
0.897959, 9.38776, 0.0312877
0.918367, 9.38776, 0.0258474
0.938776, 9.38776, 0.0198884
0.959184, 9.38776, 0.0135039
0.979592, 9.38776, 0.00682045
1, 9.38776, 1.79224e-06
0, 9.59184, 6.80193e-07
0.0204082, 9.59184, 0.0018386
0.0408163, 9.59184, 0.00369195
0.0612245, 9.59184, 0.00555383
0.0816327, 9.59184, 0.00741854
0.102041, 9.59184, 0.00928167
0.122449, 9.59184, 0.0111404
0.142857, 9.59184, 0.0129934
0.163265, 9.59184, 0.0148405
0.183673, 9.59184, 0.0166823
0.204082, 9.59184, 0.0185194
0.22449, 9.59184, 0.0203519
0.244898, 9.59184, 0.0221796
0.265306, 9.59184, 0.0240013
0.285714, 9.59184, 0.0258154
0.306122, 9.59184, 0.0276198
0.326531, 9.59184, 0.0294121
0.346939, 9.59184, 0.0311896
0.367347, 9.59184, 0.0329494
0.387755, 9.59184, 0.0346884
0.408163, 9.59184, 0.0364028
0.428571, 9.59184, 0.0380883
0.44898, 9.59184, 0.0397396
0.469388, 9.59184, 0.0413501
0.489796, 9.59184, 0.0429119
0.510204, 9.59184, 0.0444152
0.530612, 9.59184, 0.0458486
0.55102, 9.59184, 0.0471983
0.571429, 9.59184, 0.0484483
0.591837, 9.59184, 0.0495799
0.612245, 9.59184, 0.0505714
0.632653, 9.59184, 0.0513978
0.653061, 9.59184, 0.05203
0.673469, 9.59184, 0.0524353
0.693878, 9.59184, 0.0525763
0.714286, 9.59184, 0.0524118
0.734694, 9.59184, 0.0518969
0.755102, 9.59184, 0.0509843
0.77551, 9.59184, 0.0496257
0.795918, 9.59184, 0.0477743
0.816327, 9.59184, 0.0453883
0.836735, 9.59184, 0.0424335
0.857143, 9.59184, 0.0388885
0.877551, 9.59184, 0.0347481
0.897959, 9.59184, 0.0300276
0.918367, 9.59184, 0.024766
0.938776, 9.59184, 0.0190284
0.959184, 9.59184, 0.0129066
0.979592, 9.59184, 0.00651772
1, 9.59184, 6.80158e-07
0, 9.79592, -3.19619e-06
0.0204082, 9.79592, 0.00186039
0.0408163, 9.79592, 0.00367596
0.0612245, 9.79592, 0.00547861
0.0816327, 9.79592, 0.00728244
0.102041, 9.79592, 0.00909154
0.122449, 9.79592, 0.0109053
0.142857, 9.79592, 0.0127214
0.163265, 9.79592, 0.014537
0.183673, 9.79592, 0.0163494
0.204082, 9.79592, 0.0181565
0.22449, 9.79592, 0.0199569
0.244898, 9.79592, 0.0217495
0.265306, 9.79592, 0.0235338
0.285714, 9.79592, 0.0253088
0.306122, 9.79592, 0.0270736
0.326531, 9.79592, 0.0288264
0.346939, 9.79592, 0.0305651
0.367347, 9.79592, 0.0322865
0.387755, 9.79592, 0.033987
0.408163, 9.79592, 0.035662
0.428571, 9.79592, 0.0373063
0.44898, 9.79592, 0.0389138
0.469388, 9.79592, 0.0404778
0.489796, 9.79592, 0.04199
0.510204, 9.79592, 0.0434411
0.530612, 9.79592, 0.0448199
0.55102, 9.79592, 0.0461131
0.571429, 9.79592, 0.0473051
0.591837, 9.79592, 0.0483775
0.612245, 9.79592, 0.0493088
0.632653, 9.79592, 0.0500745
0.653061, 9.79592, 0.0506467
0.673469, 9.79592, 0.050994
0.693878, 9.79592, 0.0510816
0.714286, 9.79592, 0.0508716
0.734694, 9.79592, 0.050323
0.755102, 9.79592, 0.0493924
0.77551, 9.79592, 0.0480355
0.795918, 9.79592, 0.0462084
0.816327, 9.79592, 0.0438707
0.836735, 9.79592, 0.0409888
0.857143, 9.79592, 0.0375406
0.877551, 9.79592, 0.0335207
0.897959, 9.79592, 0.0289454
0.918367, 9.79592, 0.0238568
0.938776, 9.79592, 0.0183235
0.959184, 9.79592, 0.0124371
0.979592, 9.79592, 0.00629904
1, 9.79592, -3.19619e-06
0, 10, 1.1772e-05
0.0204082, 10, 0.00167758
0.0408163, 10, 0.00349708
0.0612245, 10, 0.00533833
0.0816327, 10, 0.0071601
0.102041, 10, 0.00895816
0.122449, 10, 0.0107395
0.142857, 10, 0.0125117
0.163265, 10, 0.0142797
0.183673, 10, 0.0160456
0.204082, 10, 0.0178094
0.22449, 10, 0.0195701
0.244898, 10, 0.0213262
0.265306, 10, 0.0230755
0.285714, 10, 0.024816
0.306122, 10, 0.0265451
0.326531, 10, 0.0282603
0.346939, 10, 0.0299588
0.367347, 10, 0.0316375
0.387755, 10, 0.0332934
0.408163, 10, 0.0349225
0.428571, 10, 0.0365207
0.44898, 10, 0.0380825
0.469388, 10, 0.0396013
0.489796, 10, 0.0410691
0.510204, 10, 0.042476
0.530612, 10, 0.0438102
0.55102, 10, 0.0450579
0.571429, 10, 0.0462032
0.591837, 10, 0.0472279
0.612245, 10, 0.0481111
0.632653, 10, 0.0488293
0.653061, 10, 0.0493556
0.673469, 10, 0.0496595
0.693878, 10, 0.0497067
0.714286, 10, 0.0494591
0.734694, 10, 0.0488755
0.755102, 10, 0.047913
0.77551, 10, 0.0465289
0.795918, 10, 0.0446838
0.816327, 10, 0.0423451
0.836735, 10, 0.0394896
0.857143, 10, 0.0361071
0.877551, 10, 0.032201
0.897959, 10, 0.0277885
0.918367, 10, 0.0228997
0.938776, 10, 0.0175781
0.959184, 10, 0.0118904
0.979592, 10, 0.00595482
1, 10, 1.17718e-05
