0, 0, 1.84721
0.128228, 0, 1.75573
0.256457, 0, 1.71672
0.384685, 0, 1.53639
0.512913, 0, 1.35667
0.641141, 0, 1.19706
0.76937, 0, 1.01923
0.897598, 0, 0.811002
1.02583, 0, 0.59725
1.15405, 0, 0.411143
1.28228, 0, 0.267673
1.41051, 0, 0.157292
1.53874, 0, 0.0563488
1.66697, 0, -0.057561
1.7952, 0, -0.195526
1.92342, 0, -0.356343
2.05165, 0, -0.532385
2.17988, 0, -0.717034
2.30811, 0, -0.9088
2.43634, 0, -1.11
2.56457, 0, -1.32119
2.69279, 0, -1.53498
2.82102, 0, -1.7331
2.94925, 0, -1.8894
3.07748, 0, -1.97841
3.20571, 0, -1.98662
3.33394, 0, -1.92142
3.46216, 0, -1.81318
3.59039, 0, -1.70758
3.71862, 0, -1.64937
3.84685, 0, -1.66216
3.97508, 0, -1.7319
4.1033, 0, -1.8022
4.23153, 0, -1.78642
4.35976, 0, -1.59625
4.48799, 0, -1.17901
4.61622, 0, -0.549904
4.74445, 0, 0.196671
4.87267, 0, 0.908668
5.0009, 0, 1.43078
5.12913, 0, 1.67498
5.25736, 0, 1.67421
5.38559, 0, 1.58022
5.51382, 0, 1.58253
5.64204, 0, 1.7701
5.77027, 0, 2.02531
5.8985, 0, 2.09194
6.02673, 0, 1.89763
6.15496, 0, 1.83997
6.28319, 0, 1.70568
0, 0.128228, 1.8203
0.128228, 0.128228, 1.80356
0.256457, 0.128228, 1.782
0.384685, 0.128228, 1.67452
0.512913, 0.128228, 1.50394
0.641141, 0.128228, 1.30955
0.76937, 0.128228, 1.11505
0.897598, 0.128228, 0.928109
1.02583, 0.128228, 0.749625
1.15405, 0.128228, 0.580687
1.28228, 0.128228, 0.423999
1.41051, 0.128228, 0.281492
1.53874, 0.128228, 0.151289
1.66697, 0.128228, 0.0264214
1.7952, 0.128228, -0.103894
1.92342, 0.128228, -0.251059
2.05165, 0.128228, -0.423339
2.17988, 0.128228, -0.622966
2.30811, 0.128228, -0.844975
2.43634, 0.128228, -1.07797
2.56457, 0.128228, -1.3064
2.69279, 0.128228, -1.51356
2.82102, 0.128228, -1.68455
2.94925, 0.128228, -1.8086
3.07748, 0.128228, -1.88052
3.20571, 0.128228, -1.90129
3.33394, 0.128228, -1.87805
3.46216, 0.128228, -1.82336
3.59039, 0.128228, -1.75388
3.71862, 0.128228, -1.68804
3.84685, 0.128228, -1.64249
3.97508, 0.128228, -1.6274
4.1033, 0.128228, -1.6412
4.23153, 0.128228, -1.66621
4.35976, 0.128228, -1.66718
4.48799, 0.128228, -1.59508
4.61622, 0.128228, -1.39755
4.74445, 0.128228, -1.03552
4.87267, 0.128228, -0.502827
5.0009, 0.128228, 0.158161
5.12913, 0.128228, 0.85366
5.25736, 0.128228, 1.45684
5.38559, 0.128228, 1.85004
5.51382, 0.128228, 1.98134
5.64204, 0.128228, 1.90877
5.77027, 0.128228, 1.79044
5.8985, 0.128228, 1.78321
6.02673, 0.128228, 1.87172
6.15496, 0.128228, 1.82528
6.28319, 0.128228, 1.87536
0, 0.256457, 1.88556
0.128228, 0.256457, 1.80763
0.256457, 0.256457, 1.7212
0.384685, 0.256457, 1.63259
0.512913, 0.256457, 1.47806
0.641141, 0.256457, 1.2878
0.76937, 0.256457, 1.11044
0.897598, 0.256457, 0.961287
1.02583, 0.256457, 0.825662
1.15405, 0.256457, 0.6844
1.28228, 0.256457, 0.532218
1.41051, 0.256457, 0.378934
1.53874, 0.256457, 0.238577
1.66697, 0.256457, 0.116741
1.7952, 0.256457, 0.00433999
1.92342, 0.256457, -0.119497
2.05165, 0.256457, -0.277818
2.17988, 0.256457, -0.484704
2.30811, 0.256457, -0.737746
2.43634, 0.256457, -1.01717
2.56457, 0.256457, -1.29164
2.69279, 0.256457, -1.52817
2.82102, 0.256457, -1.70227
2.94925, 0.256457, -1.8047
3.07748, 0.256457, -1.84252
3.20571, 0.256457, -1.83464
3.33394, 0.256457, -1.8039
3.46216, 0.256457, -1.76875
3.59039, 0.256457, -1.73806
3.71862, 0.256457, -1.71071
3.84685, 0.256457, -1.67997
3.97508, 0.256457, -1.64038
4.1033, 0.256457, -1.59347
4.23153, 0.256457, -1.54888
4.35976, 0.256457, -1.51881
4.48799, 0.256457, -1.50725
4.61622, 0.256457, -1.49827
4.74445, 0.256457, -1.45019
4.87267, 0.256457, -1.30198
5.0009, 0.256457, -0.994347
5.12913, 0.256457, -0.500825
5.25736, 0.256457, 0.144186
5.38559, 0.256457, 0.838732
5.51382, 0.256457, 1.44314
5.64204, 0.256457, 1.84479
5.77027, 0.256457, 2.02637
5.8985, 0.256457, 2.0756
6.02673, 0.256457, 2.08244
6.15496, 0.256457, 1.9978
6.28319, 0.256457, 1.93184
0, 0.384685, 2.0611
0.128228, 0.384685, 2.05969
0.256457, 0.384685, 1.99156
0.384685, 0.384685, 1.87575
0.512913, 0.384685, 1.68877
0.641141, 0.384685, 1.47275
0.76937, 0.384685, 1.27254
0.897598, 0.384685, 1.09975
1.02583, 0.384685, 0.941002
1.15405, 0.384685, 0.781387
1.28228, 0.384685, 0.619042
1.41051, 0.384685, 0.464194
1.53874, 0.384685, 0.328249
1.66697, 0.384685, 0.212494
1.7952, 0.384685, 0.103532
1.92342, 0.384685, -0.0225455
2.05165, 0.384685, -0.189893
2.17988, 0.384685, -0.411679
2.30811, 0.384685, -0.682861
2.43634, 0.384685, -0.979864
2.56457, 0.384685, -1.26717
2.69279, 0.384685, -1.50821
2.82102, 0.384685, -1.67659
2.94925, 0.384685, -1.76373
3.07748, 0.384685, -1.78038
3.20571, 0.384685, -1.75176
3.33394, 0.384685, -1.70811
3.46216, 0.384685, -1.67422
3.59039, 0.384685, -1.66153
3.71862, 0.384685, -1.66575
3.84685, 0.384685, -1.67092
3.97508, 0.384685, -1.65819
4.1033, 0.384685, -1.61614
4.23153, 0.384685, -1.54795
4.35976, 0.384685, -1.47183
4.48799, 0.384685, -1.41329
4.61622, 0.384685, -1.39117
4.74445, 0.384685, -1.40267
4.87267, 0.384685, -1.4147
5.0009, 0.384685, -1.36793
5.12913, 0.384685, -1.19598
5.25736, 0.384685, -0.855173
5.38559, 0.384685, -0.352572
5.51382, 0.384685, 0.24417
5.64204, 0.384685, 0.828101
5.77027, 0.384685, 1.30305
5.8985, 0.384685, 1.63503
6.02673, 0.384685, 1.85697
6.15496, 0.384685, 2.00092
6.28319, 0.384685, 2.07579
0, 0.512913, 1.76117
0.128228, 0.512913, 1.91475
0.256457, 0.512913, 1.96447
0.384685, 0.512913, 1.90585
0.512913, 0.512913, 1.7651
0.641141, 0.512913, 1.59228
0.76937, 0.512913, 1.41903
0.897598, 0.512913, 1.2499
1.02583, 0.512913, 1.07767
1.15405, 0.512913, 0.900131
1.28228, 0.512913, 0.725799
1.41051, 0.512913, 0.56838
1.53874, 0.512913, 0.436397
1.66697, 0.512913, 0.32537
1.7952, 0.512913, 0.216929
1.92342, 0.512913, 0.0850381
2.05165, 0.512913, -0.0936722
2.17988, 0.512913, -0.329946
2.30811, 0.512913, -0.61623
2.43634, 0.512913, -0.927324
2.56457, 0.512913, -1.22703
2.69279, 0.512913, -1.47845
2.82102, 0.512913, -1.65445
2.94925, 0.512913, -1.74506
3.07748, 0.512913, -1.75944
3.20571, 0.512913, -1.72204
3.33394, 0.512913, -1.66435
3.46216, 0.512913, -1.61487
3.59039, 0.512913, -1.5906
3.71862, 0.512913, -1.59287
3.84685, 0.512913, -1.60867
3.97508, 0.512913, -1.61725
4.1033, 0.512913, -1.59961
4.23153, 0.512913, -1.54734
4.35976, 0.512913, -1.46752
4.48799, 0.512913, -1.38111
4.61622, 0.512913, -1.31467
4.74445, 0.512913, -1.28793
4.87267, 0.512913, -1.30171
5.0009, 0.512913, -1.33166
5.12913, 0.512913, -1.33198
5.25736, 0.512913, -1.2497
5.38559, 0.512913, -1.04518
5.51382, 0.512913, -0.71018
5.64204, 0.512913, -0.273451
5.77027, 0.512913, 0.211333
5.8985, 0.512913, 0.689335
6.02673, 0.512913, 1.12177
6.15496, 0.512913, 1.48148
6.28319, 0.512913, 1.76798
0, 0.641141, 0.998649
0.128228, 0.641141, 1.2717
0.256457, 0.641141, 1.45675
0.384685, 0.641141, 1.52491
0.512913, 0.641141, 1.507
0.641141, 0.641141, 1.44692
0.76937, 0.641141, 1.36472
0.897598, 0.641141, 1.25823
1.02583, 0.641141, 1.12203
1.15405, 0.641141, 0.961922
1.28228, 0.641141, 0.796014
1.41051, 0.641141, 0.645281
1.53874, 0.641141, 0.521464
1.66697, 0.641141, 0.419599
1.7952, 0.641141, 0.3187
1.92342, 0.641141, 0.189829
2.05165, 0.641141, 0.00777525
2.17988, 0.641141, -0.23841
2.30811, 0.641141, -0.539872
2.43634, 0.641141, -0.869161
2.56457, 0.641141, -1.18752
2.69279, 0.641141, -1.45567
2.82102, 0.641141, -1.64451
2.94925, 0.641141, -1.74257
3.07748, 0.641141, -1.75805
3.20571, 0.641141, -1.71507
3.33394, 0.641141, -1.64568
3.46216, 0.641141, -1.58009
3.59039, 0.641141, -1.53833
3.71862, 0.641141, -1.52568
3.84685, 0.641141, -1.53329
3.97508, 0.641141, -1.54343
4.1033, 0.641141, -1.53748
4.23153, 0.641141, -1.50378
4.35976, 0.641141, -1.44247
4.48799, 0.641141, -1.36556
4.61622, 0.641141, -1.29206
4.74445, 0.641141, -1.24
4.87267, 0.641141, -1.21865
5.0009, 0.641141, -1.22397
5.12913, 0.641141, -1.23943
5.25736, 0.641141, -1.24118
5.38559, 0.641141, -1.20422
5.51382, 0.641141, -1.1055
5.64204, 0.641141, -0.922753
5.77027, 0.641141, -0.635036
5.8985, 0.641141, -0.238121
6.02673, 0.641141, 0.21944
6.15496, 0.641141, 0.625145
6.28319, 0.641141, 1.01744
0, 0.76937, 0.138578
0.128228, 0.76937, 0.437147
0.256457, 0.76937, 0.698108
0.384685, 0.76937, 0.878165
0.512913, 0.76937, 0.983914
0.641141, 0.76937, 1.04569
0.76937, 0.76937, 1.07487
0.897598, 0.76937, 1.06233
1.02583, 0.76937, 0.998788
1.15405, 0.76937, 0.890825
1.28228, 0.76937, 0.761417
1.41051, 0.76937, 0.637995
1.53874, 0.76937, 0.537416
1.66697, 0.76937, 0.456697
1.7952, 0.76937, 0.373677
1.92342, 0.76937, 0.25656
2.05165, 0.76937, 0.0776618
2.17988, 0.76937, -0.174394
2.30811, 0.76937, -0.488557
2.43634, 0.76937, -0.833199
2.56457, 0.76937, -1.16487
2.69279, 0.76937, -1.44069
2.82102, 0.76937, -1.63026
2.94925, 0.76937, -1.7232
3.07748, 0.76937, -1.73046
3.20571, 0.76937, -1.67925
3.33394, 0.76937, -1.60363
3.46216, 0.76937, -1.53402
3.59039, 0.76937, -1.48904
3.71862, 0.76937, -1.47209
3.84685, 0.76937, -1.47341
3.97508, 0.76937, -1.4765
4.1033, 0.76937, -1.46623
4.23153, 0.76937, -1.43526
4.35976, 0.76937, -1.38641
4.48799, 0.76937, -1.32995
4.61622, 0.76937, -1.27741
4.74445, 0.76937, -1.23513
4.87267, 0.76937, -1.20136
5.0009, 0.76937, -1.16922
5.12913, 0.76937, -1.13434
5.25736, 0.76937, -1.10187
5.38559, 0.76937, -1.08514
5.51382, 0.76937, -1.09067
5.64204, 0.76937, -1.09447
5.77027, 0.76937, -1.03069
5.8985, 0.76937, -0.825932
6.02673, 0.76937, -0.49301
6.15496, 0.76937, -0.188025
6.28319, 0.76937, 0.173026
0, 0.897598, -0.489623
0.128228, 0.897598, -0.251424
0.256457, 0.897598, 0.00265863
0.384685, 0.897598, 0.219138
0.512913, 0.897598, 0.38818
0.641141, 0.897598, 0.52894
0.76937, 0.897598, 0.643292
0.897598, 0.897598, 0.713531
1.02583, 0.897598, 0.724453
1.15405, 0.897598, 0.680603
1.28228, 0.897598, 0.606088
1.41051, 0.897598, 0.530517
1.53874, 0.897598, 0.471915
1.66697, 0.897598, 0.426551
1.7952, 0.897598, 0.370148
1.92342, 0.897598, 0.268942
2.05165, 0.897598, 0.0950368
2.17988, 0.897598, -0.160537
2.30811, 0.897598, -0.482009
2.43634, 0.897598, -0.832077
2.56457, 0.897598, -1.16256
2.69279, 0.897598, -1.42846
2.82102, 0.897598, -1.60063
2.94925, 0.897598, -1.67297
3.07748, 0.897598, -1.66211
3.20571, 0.897598, -1.6003
3.33394, 0.897598, -1.52405
3.46216, 0.897598, -1.46266
3.59039, 0.897598, -1.43034
3.71862, 0.897598, -1.4245
3.84685, 0.897598, -1.43022
3.97508, 0.897598, -1.42909
4.1033, 0.897598, -1.40844
4.23153, 0.897598, -1.3672
4.35976, 0.897598, -1.31564
4.48799, 0.897598, -1.26902
4.61622, 0.897598, -1.23779
4.74445, 0.897598, -1.21985
4.87267, 0.897598, -1.1997
5.0009, 0.897598, -1.15736
5.12913, 0.897598, -1.08396
5.25736, 0.897598, -0.995429
5.38559, 0.897598, -0.931811
5.51382, 0.897598, -0.933746
5.64204, 0.897598, -1.00179
5.77027, 0.897598, -1.06772
5.8985, 0.897598, -1.02619
6.02673, 0.897598, -0.853161
6.15496, 0.897598, -0.699087
6.28319, 0.897598, -0.448474
0, 1.02583, -0.76541
0.128228, 1.02583, -0.62882
0.256457, 1.02583, -0.439738
0.384685, 1.02583, -0.266714
0.512913, 1.02583, -0.106453
0.641141, 1.02583, 0.0559645
0.76937, 1.02583, 0.208895
0.897598, 1.02583, 0.324107
1.02583, 1.02583, 0.382817
1.15405, 1.02583, 0.390299
1.28228, 1.02583, 0.371291
1.41051, 1.02583, 0.353139
1.53874, 1.02583, 0.348658
1.66697, 1.02583, 0.347936
1.7952, 1.02583, 0.322149
1.92342, 1.02583, 0.236549
2.05165, 1.02583, 0.066289
2.17988, 1.02583, -0.191533
2.30811, 1.02583, -0.514087
2.43634, 1.02583, -0.858272
2.56457, 1.02583, -1.17311
2.69279, 1.02583, -1.41452
2.82102, 1.02583, -1.55754
2.94925, 1.02583, -1.60205
3.07748, 1.02583, -1.57061
3.20571, 1.02583, -1.4995
3.33394, 1.02583, -1.42618
3.46216, 1.02583, -1.37753
3.59039, 1.02583, -1.36279
3.71862, 1.02583, -1.37336
3.84685, 1.02583, -1.38914
3.97508, 1.02583, -1.38901
4.1033, 1.02583, -1.36098
4.23153, 1.02583, -1.30787
4.35976, 1.02583, -1.24584
4.48799, 1.02583, -1.19588
4.61622, 1.02583, -1.17176
4.74445, 1.02583, -1.17044
4.87267, 1.02583, -1.17071
5.0009, 1.02583, -1.14334
5.12913, 1.02583, -1.06981
5.25736, 1.02583, -0.960321
5.38559, 1.02583, -0.857489
5.51382, 1.02583, -0.815156
5.64204, 1.02583, -0.856021
5.77027, 1.02583, -0.935612
5.8985, 1.02583, -0.961374
6.02673, 1.02583, -0.898515
6.15496, 1.02583, -0.864179
6.28319, 1.02583, -0.730963
0, 1.15405, -0.755108
0.128228, 1.15405, -0.714006
0.256457, 1.15405, -0.604349
0.384685, 1.15405, -0.518571
0.512913, 1.15405, -0.412131
0.641141, 1.15405, -0.268759
0.76937, 1.15405, -0.117874
0.897598, 1.15405, 0.00122489
1.02583, 1.15405, 0.0710503
1.15405, 1.15405, 0.103245
1.28228, 1.15405, 0.125248
1.41051, 1.15405, 0.159687
1.53874, 1.15405, 0.209124
1.66697, 1.15405, 0.252804
1.7952, 1.15405, 0.255197
1.92342, 1.15405, 0.181314
2.05165, 1.15405, 0.0118769
2.17988, 1.15405, -0.247466
2.30811, 1.15405, -0.565899
2.43634, 1.15405, -0.895721
2.56457, 1.15405, -1.18594
2.69279, 1.15405, -1.39647
2.82102, 1.15405, -1.5085
2.94925, 1.15405, -1.5279
3.07748, 1.15405, -1.48118
3.20571, 1.15405, -1.40556
3.33394, 1.15405, -1.33667
3.46216, 1.15405, -1.29783
3.59039, 1.15405, -1.29436
3.71862, 1.15405, -1.3145
3.84685, 1.15405, -1.33639
3.97508, 1.15405, -1.33837
4.1033, 1.15405, -1.30873
4.23153, 1.15405, -1.25097
4.35976, 1.15405, -1.1822
4.48799, 1.15405, -1.12502
4.61622, 1.15405, -1.09594
4.74445, 1.15405, -1.09563
4.87267, 1.15405, -1.10637
5.0009, 1.15405, -1.09963
5.12913, 1.15405, -1.05209
5.25736, 1.15405, -0.96258
5.38559, 1.15405, -0.858678
5.51382, 1.15405, -0.783829
5.64204, 1.15405, -0.766073
5.77027, 1.15405, -0.788248
5.8985, 1.15405, -0.796333
6.02673, 1.15405, -0.771153
6.15496, 1.15405, -0.792328
6.28319, 1.15405, -0.738244
0, 1.28228, -0.606959
0.128228, 1.28228, -0.626087
0.256457, 1.28228, -0.574562
0.384685, 1.28228, -0.574581
0.512913, 1.28228, -0.528484
0.641141, 1.28228, -0.417334
0.76937, 1.28228, -0.290037
0.897598, 1.28228, -0.195234
1.02583, 1.28228, -0.144142
1.15405, 1.28228, -0.113753
1.28228, 1.28228, -0.0714338
1.41051, 1.28228, 0.00033868
1.53874, 1.28228, 0.0919167
1.66697, 1.28228, 0.169898
1.7952, 1.28228, 0.191515
1.92342, 1.28228, 0.122314
2.05165, 1.28228, -0.0501139
2.17988, 1.28228, -0.310829
2.30811, 1.28228, -0.621594
2.43634, 1.28228, -0.932034
2.56457, 1.28228, -1.19378
2.69279, 1.28228, -1.37304
2.82102, 1.28228, -1.45809
2.94925, 1.28228, -1.45988
3.07748, 1.28228, -1.40629
3.20571, 1.28228, -1.33222
3.33394, 1.28228, -1.26869
3.46216, 1.28228, -1.23437
3.59039, 1.28228, -1.23188
3.71862, 1.28228, -1.24957
3.84685, 1.28228, -1.26796
3.97508, 1.28228, -1.26838
4.1033, 1.28228, -1.24068
4.23153, 1.28228, -1.18728
4.35976, 1.28228, -1.12185
4.48799, 1.28228, -1.06326
4.61622, 1.28228, -1.02679
4.74445, 1.28228, -1.01658
4.87267, 1.28228, -1.0228
5.0009, 1.28228, -1.02574
5.12913, 1.28228, -1.00565
5.25736, 1.28228, -0.954049
5.38559, 1.28228, -0.879648
5.51382, 1.28228, -0.803376
5.64204, 1.28228, -0.742939
5.77027, 1.28228, -0.697623
5.8985, 1.28228, -0.652792
6.02673, 1.28228, -0.615463
6.15496, 1.28228, -0.636232
6.28319, 1.28228, -0.612647
0, 1.41051, -0.453701
0.128228, 1.41051, -0.492009
0.256457, 1.41051, -0.462833
0.384685, 1.41051, -0.516793
0.512913, 1.41051, -0.509642
0.641141, 1.41051, -0.422443
0.76937, 1.41051, -0.321714
0.897598, 1.41051, -0.261641
1.02583, 1.41051, -0.243762
1.15405, 1.41051, -0.231656
1.28228, 1.41051, -0.186584
1.41051, 1.41051, -0.0956395
1.53874, 1.41051, 0.0200482
1.66697, 1.41051, 0.115645
1.7952, 1.41051, 0.142638
1.92342, 1.41051, 0.0684152
2.05165, 1.41051, -0.111966
2.17988, 1.41051, -0.374691
2.30811, 1.41051, -0.675501
2.43634, 1.41051, -0.963369
2.56457, 1.41051, -1.1946
2.69279, 1.41051, -1.34319
2.82102, 1.41051, -1.40493
2.94925, 1.41051, -1.39512
3.07748, 1.41051, -1.3413
3.20571, 1.41051, -1.27386
3.33394, 1.41051, -1.21734
3.46216, 1.41051, -1.18482
3.59039, 1.41051, -1.17657
3.71862, 1.41051, -1.18281
3.84685, 1.41051, -1.18913
3.97508, 1.41051, -1.18262
4.1033, 1.41051, -1.15667
4.23153, 1.41051, -1.11291
4.35976, 1.41051, -1.05989
4.48799, 1.41051, -1.00921
4.61622, 1.41051, -0.970716
4.74445, 1.41051, -0.948584
4.87267, 1.41051, -0.939955
5.0009, 1.41051, -0.93651
5.12913, 1.41051, -0.928203
5.25736, 1.41051, -0.907214
5.38559, 1.41051, -0.87001
5.51382, 1.41051, -0.816489
5.64204, 1.41051, -0.747622
5.77027, 1.41051, -0.665509
5.8985, 1.41051, -0.579846
6.02673, 1.41051, -0.517462
6.15496, 1.41051, -0.509295
6.28319, 1.41051, -0.481164
0, 1.53874, -0.363298
0.128228, 1.53874, -0.391197
0.256457, 1.53874, -0.354468
0.384685, 1.53874, -0.423248
0.512913, 1.53874, -0.424941
0.641141, 1.53874, -0.34525
0.76937, 1.53874, -0.263575
0.897598, 1.53874, -0.234728
1.02583, 1.53874, -0.249234
1.15405, 1.53874, -0.258595
1.28228, 1.53874, -0.219515
1.41051, 1.53874, -0.123681
1.53874, 1.53874, -0.00175951
1.66697, 1.53874, 0.093083
1.7952, 1.53874, 0.109663
1.92342, 1.53874, 0.0192783
2.05165, 1.53874, -0.174912
2.17988, 1.53874, -0.440893
2.30811, 1.53874, -0.729892
2.43634, 1.53874, -0.991987
2.56457, 1.53874, -1.18969
2.69279, 1.53874, -1.30578
2.82102, 1.53874, -1.34403
2.94925, 1.53874, -1.32401
3.07748, 1.53874, -1.27249
3.20571, 1.53874, -1.21471
3.33394, 1.53874, -1.1679
3.46216, 1.53874, -1.13879
3.59039, 1.53874, -1.12475
3.71862, 1.53874, -1.11767
3.84685, 1.53874, -1.10862
3.97508, 1.53874, -1.0915
4.1033, 1.53874, -1.06474
4.23153, 1.53874, -1.03068
4.35976, 1.53874, -0.993549
4.48799, 1.53874, -0.957218
4.61622, 1.53874, -0.92387
4.74445, 1.53874, -0.894166
4.87267, 1.53874, -0.868419
5.0009, 1.53874, -0.847588
5.12913, 1.53874, -0.832802
5.25736, 1.53874, -0.823
5.38559, 1.53874, -0.811965
5.51382, 1.53874, -0.787713
5.64204, 1.53874, -0.737398
5.77027, 1.53874, -0.657963
5.8985, 1.53874, -0.566092
6.02673, 1.53874, -0.493371
6.15496, 1.53874, -0.45413
6.28319, 1.53874, -0.408318
0, 1.66697, -0.338116
0.128228, 1.66697, -0.344137
0.256457, 1.66697, -0.287018
0.384685, 1.66697, -0.342426
0.512913, 1.66697, -0.330173
0.641141, 1.66697, -0.245044
0.76937, 1.66697, -0.173374
0.897598, 1.66697, -0.165721
1.02583, 1.66697, -0.201939
1.15405, 1.66697, -0.225209
1.28228, 1.66697, -0.191316
1.41051, 1.66697, -0.0976529
1.53874, 1.66697, 0.0173654
1.66697, 1.66697, 0.0958222
1.7952, 1.66697, 0.087615
1.92342, 1.66697, -0.0293998
2.05165, 1.66697, -0.242941
2.17988, 1.66697, -0.51322
2.30811, 1.66697, -0.788227
2.43634, 1.66697, -1.02061
2.56457, 1.66697, -1.1803
2.69279, 1.66697, -1.25968
2.82102, 1.66697, -1.27103
2.94925, 1.66697, -1.23858
3.07748, 1.66697, -1.18871
3.20571, 1.66697, -1.14173
3.33394, 1.66697, -1.10764
3.46216, 1.66697, -1.08632
3.59039, 1.66697, -1.07134
3.71862, 1.66697, -1.05501
3.84685, 1.66697, -1.0327
3.97508, 1.66697, -1.00454
4.1033, 1.66697, -0.974352
4.23153, 1.66697, -0.946607
4.35976, 1.66697, -0.923184
4.48799, 1.66697, -0.901881
4.61622, 1.66697, -0.877622
4.74445, 1.66697, -0.845968
4.87267, 1.66697, -0.807017
5.0009, 1.66697, -0.767051
5.12913, 1.66697, -0.735986
5.25736, 1.66697, -0.720877
5.38559, 1.66697, -0.71887
5.51382, 1.66697, -0.715199
5.64204, 1.66697, -0.690822
5.77027, 1.66697, -0.63792
5.8985, 1.66697, -0.570671
6.02673, 1.66697, -0.511665
6.15496, 1.66697, -0.454109
6.28319, 1.66697, -0.395697
0, 1.7952, -0.342533
0.128228, 1.7952, -0.330518
0.256457, 1.7952, -0.257648
0.384685, 1.7952, -0.289511
0.512913, 1.7952, -0.254888
0.641141, 1.7952, -0.160512
0.76937, 1.7952, -0.0939675
0.897598, 1.7952, -0.0975676
1.02583, 1.7952, -0.141811
1.15405, 1.7952, -0.166288
1.28228, 1.7952, -0.130467
1.41051, 1.7952, -0.0394589
1.53874, 1.7952, 0.0616466
1.66697, 1.7952, 0.113314
1.7952, 1.7952, 0.0701028
1.92342, 1.7952, -0.0808903
2.05165, 1.7952, -0.317115
2.17988, 1.7952, -0.5913
2.30811, 1.7952, -0.849352
2.43634, 1.7952, -1.04784
2.56457, 1.7952, -1.1652
2.69279, 1.7952, -1.204
2.82102, 1.7952, -1.18529
2.94925, 1.7952, -1.1381
3.07748, 1.7952, -1.08863
3.20571, 1.7952, -1.05269
3.33394, 1.7952, -1.03336
3.46216, 1.7952, -1.02379
3.59039, 1.7952, -1.01322
3.71862, 1.7952, -0.993344
3.84685, 1.7952, -0.962376
3.97508, 1.7952, -0.925332
4.1033, 1.7952, -0.89075
4.23153, 1.7952, -0.865584
4.35976, 1.7952, -0.850891
4.48799, 1.7952, -0.840632
4.61622, 1.7952, -0.824546
4.74445, 1.7952, -0.793982
4.87267, 1.7952, -0.747773
5.0009, 1.7952, -0.694532
5.12913, 1.7952, -0.649032
5.25736, 1.7952, -0.623463
5.38559, 1.7952, -0.618338
5.51382, 1.7952, -0.620187
5.64204, 1.7952, -0.610871
5.77027, 1.7952, -0.584385
5.8985, 1.7952, -0.553734
6.02673, 1.7952, -0.526351
6.15496, 1.7952, -0.465587
6.28319, 1.7952, -0.408562
0, 1.92342, -0.335968
0.128228, 1.92342, -0.317022
0.256457, 1.92342, -0.243442
0.384685, 1.92342, -0.256271
0.512913, 1.92342, -0.203556
0.641141, 1.92342, -0.104801
0.76937, 1.92342, -0.0440408
0.897598, 1.92342, -0.0525681
1.02583, 1.92342, -0.0933043
1.15405, 1.92342, -0.106833
1.28228, 1.92342, -0.0606636
1.41051, 1.92342, 0.0303248
1.53874, 1.92342, 0.115063
1.66697, 1.92342, 0.13492
1.7952, 1.92342, 0.052021
1.92342, 1.92342, -0.135241
2.05165, 1.92342, -0.393437
2.17988, 1.92342, -0.668524
2.30811, 1.92342, -0.905777
2.43634, 1.92342, -1.06713
2.56457, 1.92342, -1.14035
2.69279, 1.92342, -1.13834
2.82102, 1.92342, -1.09032
2.94925, 1.92342, -1.02936
3.07748, 1.92342, -0.980933
3.20571, 1.92342, -0.956215
3.33394, 1.92342, -0.95178
3.46216, 1.92342, -0.95471
3.59039, 1.92342, -0.950481
3.71862, 1.92342, -0.930177
3.84685, 1.92342, -0.894211
3.97508, 1.92342, -0.851277
4.1033, 1.92342, -0.813312
4.23153, 1.92342, -0.788946
4.35976, 1.92342, -0.778621
4.48799, 1.92342, -0.773917
4.61622, 1.92342, -0.761757
4.74445, 1.92342, -0.731728
4.87267, 1.92342, -0.68275
5.0009, 1.92342, -0.624998
5.12913, 1.92342, -0.574855
5.25736, 1.92342, -0.544716
5.38559, 1.92342, -0.533868
5.51382, 1.92342, -0.52854
5.64204, 1.92342, -0.514942
5.77027, 1.92342, -0.496971
5.8985, 1.92342, -0.495096
6.02673, 1.92342, -0.503878
6.15496, 1.92342, -0.449389
6.28319, 1.92342, -0.407337
0, 2.05165, -0.295421
0.128228, 2.05165, -0.279409
0.256457, 2.05165, -0.221132
0.384685, 2.05165, -0.225197
0.512913, 2.05165, -0.164799
0.641141, 2.05165, -0.071168
0.76937, 2.05165, -0.0205538
0.897598, 2.05165, -0.0315223
1.02583, 2.05165, -0.061556
1.15405, 2.05165, -0.0562711
1.28228, 2.05165, 0.00545034
1.41051, 2.05165, 0.0978816
1.53874, 2.05165, 0.165154
1.66697, 2.05165, 0.151903
1.7952, 2.05165, 0.0299677
1.92342, 2.05165, -0.19005
2.05165, 2.05165, -0.46447
2.17988, 2.05165, -0.73426
2.30811, 2.05165, -0.946165
2.43634, 2.05165, -1.06905
2.56457, 2.05165, -1.10051
2.69279, 2.05165, -1.06291
2.82102, 2.05165, -0.991999
2.94925, 2.05165, -0.922909
3.07748, 2.05165, -0.878816
3.20571, 2.05165, -0.865682
3.33394, 2.05165, -0.874043
3.46216, 2.05165, -0.886208
3.59039, 2.05165, -0.885468
3.71862, 2.05165, -0.863541
3.84685, 2.05165, -0.823423
3.97508, 2.05165, -0.77684
4.1033, 2.05165, -0.737723
4.23153, 2.05165, -0.714819
4.35976, 2.05165, -0.707009
4.48799, 2.05165, -0.703764
4.61622, 2.05165, -0.690849
4.74445, 2.05165, -0.658657
4.87267, 2.05165, -0.608635
5.0009, 2.05165, -0.553492
5.12913, 2.05165, -0.509702
5.25736, 2.05165, -0.485711
5.38559, 2.05165, -0.474008
5.51382, 2.05165, -0.456025
5.64204, 2.05165, -0.421791
5.77027, 2.05165, -0.390206
5.8985, 2.05165, -0.39831
6.02673, 2.05165, -0.435223
6.15496, 2.05165, -0.388866
6.28319, 2.05165, -0.368946
0, 2.17988, -0.221879
0.128228, 2.17988, -0.21196
0.256457, 2.17988, -0.17864
0.384685, 2.17988, -0.181072
0.512913, 2.17988, -0.122607
0.641141, 2.17988, -0.0436623
0.76937, 2.17988, -0.00819956
0.897598, 2.17988, -0.0210542
1.02583, 2.17988, -0.037007
1.15405, 2.17988, -0.01045
1.28228, 2.17988, 0.0662774
1.41051, 2.17988, 0.157179
1.53874, 2.17988, 0.204105
1.66697, 2.17988, 0.157785
1.7952, 2.17988, 0.00136922
1.92342, 2.17988, -0.242762
2.05165, 2.17988, -0.522947
2.17988, 2.17988, -0.77835
2.30811, 2.17988, -0.960078
2.43634, 2.17988, -1.0455
2.56457, 2.17988, -1.04175
2.69279, 2.17988, -0.97882
2.82102, 2.17988, -0.896072
2.94925, 2.17988, -0.827806
3.07748, 2.17988, -0.792864
3.20571, 2.17988, -0.791329
3.33394, 2.17988, -0.808505
3.46216, 2.17988, -0.823782
3.59039, 2.17988, -0.820483
3.71862, 2.17988, -0.792769
3.84685, 2.17988, -0.747072
3.97508, 2.17988, -0.697858
4.1033, 2.17988, -0.659836
4.23153, 2.17988, -0.640309
4.35976, 2.17988, -0.635362
4.48799, 2.17988, -0.632003
4.61622, 2.17988, -0.615575
4.74445, 2.17988, -0.578847
4.87267, 2.17988, -0.527575
5.0009, 2.17988, -0.4782
5.12913, 2.17988, -0.447196
5.25736, 2.17988, -0.437405
5.38559, 2.17988, -0.431559
5.51382, 2.17988, -0.402849
5.64204, 2.17988, -0.342416
5.77027, 2.17988, -0.283676
5.8985, 2.17988, -0.283516
6.02673, 2.17988, -0.333385
6.15496, 2.17988, -0.291768
6.28319, 2.17988, -0.29288
0, 2.30811, -0.133335
0.128228, 2.30811, -0.124961
0.256457, 2.30811, -0.116976
0.384685, 2.30811, -0.116914
0.512913, 2.30811, -0.0651234
0.641141, 2.30811, -0.00748702
0.76937, 2.30811, 0.00975497
0.897598, 2.30811, -0.0039434
1.02583, 2.30811, -0.00430518
1.15405, 2.30811, 0.0415985
1.28228, 2.30811, 0.126926
1.41051, 2.30811, 0.207797
1.53874, 2.30811, 0.228
1.66697, 2.30811, 0.148034
1.7952, 2.30811, -0.0363498
1.92342, 2.30811, -0.292635
2.05165, 2.30811, -0.565004
2.17988, 2.30811, -0.795262
2.30811, 2.30811, -0.942296
2.43634, 2.30811, -0.993255
2.56457, 2.30811, -0.963704
2.69279, 2.30811, -0.888263
2.82102, 2.30811, -0.806254
2.94925, 2.30811, -0.747954
3.07748, 2.30811, -0.726094
3.20571, 2.30811, -0.73485
3.33394, 2.30811, -0.755757
3.46216, 2.30811, -0.767537
3.59039, 2.30811, -0.755731
3.71862, 2.30811, -0.718369
3.84685, 2.30811, -0.66569
3.97508, 2.30811, -0.614334
4.1033, 2.30811, -0.578763
4.23153, 2.30811, -0.563878
4.35976, 2.30811, -0.562478
4.48799, 2.30811, -0.559142
4.61622, 2.30811, -0.539095
4.74445, 2.30811, -0.497704
4.87267, 2.30811, -0.444974
5.0009, 2.30811, -0.400906
5.12913, 2.30811, -0.382214
5.25736, 2.30811, -0.387178
5.38559, 2.30811, -0.390306
5.51382, 2.30811, -0.357114
5.64204, 2.30811, -0.277413
5.77027, 2.30811, -0.193082
5.8985, 2.30811, -0.175236
6.02673, 2.30811, -0.221987
6.15496, 2.30811, -0.180499
6.28319, 2.30811, -0.194867
0, 2.43634, -0.0516368
0.128228, 2.43634, -0.0354186
0.256457, 2.43634, -0.0453313
0.384685, 2.43634, -0.0344169
0.512913, 2.43634, 0.0110842
0.641141, 2.43634, 0.0445393
0.76937, 2.43634, 0.0436582
0.897598, 2.43634, 0.0322408
1.02583, 2.43634, 0.0489958
1.15405, 2.43634, 0.109936
1.28228, 2.43634, 0.193411
1.41051, 2.43634, 0.25147
1.53874, 2.43634, 0.235435
1.66697, 2.43634, 0.119926
1.7952, 2.43634, -0.0856384
1.92342, 2.43634, -0.341114
2.05165, 2.43634, -0.59135
2.17988, 2.43634, -0.785867
2.30811, 2.43634, -0.894738
2.43634, 2.43634, -0.915559
2.56457, 2.43634, -0.870312
2.69279, 2.43634, -0.794575
2.82102, 2.43634, -0.723751
2.94925, 2.43634, -0.681385
3.07748, 2.43634, -0.673303
3.20571, 2.43634, -0.688882
3.33394, 2.43634, -0.708167
3.46216, 2.43634, -0.711628
3.59039, 2.43634, -0.688603
3.71862, 2.43634, -0.641266
3.84685, 2.43634, -0.582762
3.97508, 2.43634, -0.530501
4.1033, 2.43634, -0.497632
4.23153, 2.43634, -0.486552
4.35976, 2.43634, -0.487648
4.48799, 2.43634, -0.484319
4.61622, 2.43634, -0.462313
4.74445, 2.43634, -0.418859
4.87267, 2.43634, -0.366124
5.0009, 2.43634, -0.325385
5.12913, 2.43634, -0.313007
5.25736, 2.43634, -0.325384
5.38559, 2.43634, -0.334406
5.51382, 2.43634, -0.303181
5.64204, 2.43634, -0.219786
5.77027, 2.43634, -0.125128
5.8985, 2.43634, -0.0911897
6.02673, 2.43634, -0.122285
6.15496, 2.43634, -0.0783909
6.28319, 2.43634, -0.0949973
0, 2.56457, 0.00939371
0.128228, 2.56457, 0.042807
0.256457, 2.56457, 0.0261214
0.384685, 2.56457, 0.0590958
0.512913, 2.56457, 0.101229
0.641141, 2.56457, 0.110613
0.76937, 2.56457, 0.0947702
0.897598, 2.56457, 0.0909688
1.02583, 2.56457, 0.127103
1.15405, 2.56457, 0.198132
1.28228, 2.56457, 0.267946
1.41051, 2.56457, 0.289083
1.53874, 2.56457, 0.2264
1.66697, 2.56457, 0.0729167
1.7952, 2.56457, -0.147626
1.92342, 2.56457, -0.39042
2.05165, 2.56457, -0.605965
2.17988, 2.56457, -0.756277
2.30811, 2.56457, -0.825323
2.43634, 2.56457, -0.820962
2.56457, 2.56457, -0.768927
2.69279, 2.56457, -0.701919
2.82102, 2.56457, -0.648031
2.94925, 2.56457, -0.622401
3.07748, 2.56457, -0.624471
3.20571, 2.56457, -0.641097
3.33394, 2.56457, -0.653778
3.46216, 2.56457, -0.647027
3.59039, 2.56457, -0.614693
3.71862, 2.56457, -0.56199
3.84685, 2.56457, -0.502628
3.97508, 2.56457, -0.452382
4.1033, 2.56457, -0.421818
4.23153, 2.56457, -0.411382
4.35976, 2.56457, -0.411213
4.48799, 2.56457, -0.406143
4.61622, 2.56457, -0.383917
4.74445, 2.56457, -0.342715
4.87267, 2.56457, -0.293571
5.0009, 2.56457, -0.255013
5.12913, 2.56457, -0.241137
5.25736, 2.56457, -0.249165
5.38559, 2.56457, -0.255813
5.51382, 2.56457, -0.230059
5.64204, 2.56457, -0.160299
5.77027, 2.56457, -0.0769063
5.8985, 2.56457, -0.0361344
6.02673, 2.56457, -0.0443596
6.15496, 2.56457, 0.00109424
6.28319, 2.56457, -0.00721168
0, 2.69279, 0.0496777
0.128228, 2.69279, 0.104956
0.256457, 2.69279, 0.0918097
0.384685, 2.69279, 0.15476
0.512913, 2.69279, 0.195552
0.641141, 2.69279, 0.18279
0.76937, 2.69279, 0.157334
0.897598, 2.69279, 0.167447
1.02583, 2.69279, 0.225151
1.15405, 2.69279, 0.301383
1.28228, 2.69279, 0.346851
1.41051, 2.69279, 0.31915
1.53874, 2.69279, 0.2018
1.66697, 2.69279, 0.00930384
1.7952, 2.69279, -0.220489
1.92342, 2.69279, -0.441172
2.05165, 2.69279, -0.613175
2.17988, 2.69279, -0.714548
2.30811, 2.69279, -0.744548
2.43634, 2.69279, -0.720187
2.56457, 2.69279, -0.668027
2.69279, 2.69279, -0.614528
2.82102, 2.69279, -0.578101
2.94925, 2.69279, -0.565059
3.07748, 2.69279, -0.570099
3.20571, 2.69279, -0.580538
3.33394, 2.69279, -0.582406
3.46216, 2.69279, -0.566156
3.59039, 2.69279, -0.530065
3.71862, 2.69279, -0.480324
3.84685, 2.69279, -0.428024
3.97508, 2.69279, -0.384323
4.1033, 2.69279, -0.355753
4.23153, 2.69279, -0.341585
4.35976, 2.69279, -0.334412
4.48799, 2.69279, -0.323837
4.61622, 2.69279, -0.301795
4.74445, 2.69279, -0.267027
4.87267, 2.69279, -0.226276
5.0009, 2.69279, -0.190886
5.12913, 2.69279, -0.169811
5.25736, 2.69279, -0.162539
5.38559, 2.69279, -0.156984
5.51382, 2.69279, -0.136168
5.64204, 2.69279, -0.0923632
5.77027, 2.69279, -0.0387872
5.8985, 2.69279, -0.00194955
6.02673, 2.69279, 0.0148964
6.15496, 2.69279, 0.0583715
6.28319, 2.69279, 0.0655908
0, 2.82102, 0.0812612
0.128228, 2.82102, 0.155769
0.256457, 2.82102, 0.152667
0.384685, 2.82102, 0.245398
0.512913, 2.82102, 0.283656
0.641141, 2.82102, 0.251924
0.76937, 2.82102, 0.223393
0.897598, 2.82102, 0.252671
1.02583, 2.82102, 0.332113
1.15405, 2.82102, 0.408221
1.28228, 2.82102, 0.421291
1.41051, 2.82102, 0.337974
1.53874, 2.82102, 0.163505
1.66697, 2.82102, -0.0653834
1.7952, 2.82102, -0.298343
1.92342, 2.82102, -0.490347
2.05165, 2.82102, -0.614655
2.17988, 2.82102, -0.666939
2.30811, 2.82102, -0.661447
2.43634, 2.82102, -0.622405
2.56457, 2.82102, -0.5745
2.69279, 2.82102, -0.535606
2.82102, 2.82102, -0.513416
2.94925, 2.82102, -0.506096
3.07748, 2.82102, -0.505762
3.20571, 2.82102, -0.50304
3.33394, 2.82102, -0.490973
3.46216, 2.82102, -0.467148
3.59039, 2.82102, -0.433701
3.71862, 2.82102, -0.395663
3.84685, 2.82102, -0.358556
3.97508, 2.82102, -0.326277
4.1033, 2.82102, -0.300011
4.23153, 2.82102, -0.278395
4.35976, 2.82102, -0.258657
4.48799, 2.82102, -0.238041
4.61622, 2.82102, -0.214876
4.74445, 2.82102, -0.188859
4.87267, 2.82102, -0.160647
5.0009, 2.82102, -0.131239
5.12913, 2.82102, -0.101711
5.25736, 2.82102, -0.0734852
5.38559, 2.82102, -0.0486335
5.51382, 2.82102, -0.0291437
5.64204, 2.82102, -0.0145127
5.77027, 2.82102, 0.0010304
5.8985, 2.82102, 0.0272889
6.02673, 2.82102, 0.0676389
6.15496, 2.82102, 0.104777
6.28319, 2.82102, 0.130048
0, 2.94925, 0.12142
0.128228, 2.94925, 0.205426
0.256457, 2.94925, 0.214402
0.384685, 2.94925, 0.327009
0.512913, 2.94925, 0.358203
0.641141, 2.94925, 0.312287
0.76937, 2.94925, 0.2877
0.897598, 2.94925, 0.338373
1.02583, 2.94925, 0.435498
1.15405, 2.94925, 0.504498
1.28228, 2.94925, 0.480052
1.41051, 2.94925, 0.341026
1.53874, 2.94925, 0.114544
1.66697, 2.94925, -0.142779
1.7952, 2.94925, -0.371489
1.92342, 2.94925, -0.530764
2.05165, 2.94925, -0.607887
2.17988, 2.94925, -0.615473
2.30811, 2.94925, -0.580704
2.43634, 2.94925, -0.532485
2.56457, 2.94925, -0.491555
2.69279, 2.94925, -0.466236
2.82102, 2.94925, -0.453857
2.94925, 2.94925, -0.445856
3.07748, 2.94925, -0.433716
3.20571, 2.94925, -0.413206
3.33394, 2.94925, -0.385555
3.46216, 2.94925, -0.355713
3.59039, 2.94925, -0.328982
3.71862, 2.94925, -0.307891
3.84685, 2.94925, -0.290854
3.97508, 2.94925, -0.273229
4.1033, 2.94925, -0.250172
4.23153, 2.94925, -0.219773
4.35976, 2.94925, -0.184649
4.48799, 2.94925, -0.150869
4.61622, 2.94925, -0.124378
4.74445, 2.94925, -0.106701
4.87267, 2.94925, -0.0926285
5.0009, 2.94925, -0.0722219
5.12913, 2.94925, -0.0373676
5.25736, 2.94925, 0.0102351
5.38559, 2.94925, 0.0557166
5.51382, 2.94925, 0.0783697
5.64204, 2.94925, 0.0699667
5.77027, 2.94925, 0.0521628
5.8985, 2.94925, 0.0680202
6.02673, 2.94925, 0.127725
6.15496, 2.94925, 0.155309
6.28319, 2.94925, 0.196566
0, 3.07748, 0.184281
0.128228, 3.07748, 0.263743
0.256457, 3.07748, 0.283691
0.384685, 3.07748, 0.398645
0.512913, 3.07748, 0.4169
0.641141, 3.07748, 0.364089
0.76937, 3.07748, 0.350523
0.897598, 3.07748, 0.42054
1.02583, 3.07748, 0.525642
1.15405, 3.07748, 0.577783
1.28228, 3.07748, 0.513037
1.41051, 3.07748, 0.324733
1.53874, 3.07748, 0.0590497
1.66697, 3.07748, -0.213074
1.7952, 3.07748, -0.42828
1.92342, 3.07748, -0.552611
2.05165, 3.07748, -0.586892
2.17988, 3.07748, -0.557869
2.30811, 3.07748, -0.502082
2.43634, 3.07748, -0.450288
2.56457, 3.07748, -0.418085
2.69279, 3.07748, -0.404758
2.82102, 3.07748, -0.398866
2.94925, 3.07748, -0.386908
3.07748, 3.07748, -0.360926
3.20571, 3.07748, -0.322067
3.33394, 3.07748, -0.279178
3.46216, 3.07748, -0.243672
3.59039, 3.07748, -0.223379
3.71862, 3.07748, -0.218304
3.84685, 3.07748, -0.220334
3.97508, 3.07748, -0.217074
4.1033, 3.07748, -0.19811
4.23153, 3.07748, -0.160693
4.35976, 3.07748, -0.11183
4.48799, 3.07748, -0.0652045
4.61622, 3.07748, -0.0337929
4.74445, 3.07748, -0.0216585
4.87267, 3.07748, -0.0197444
5.0009, 3.07748, -0.00954389
5.12913, 3.07748, 0.0252423
5.25736, 3.07748, 0.0845658
5.38559, 3.07748, 0.145678
5.51382, 3.07748, 0.174549
5.64204, 3.07748, 0.155436
5.77027, 3.07748, 0.119241
5.8985, 3.07748, 0.130742
6.02673, 3.07748, 0.203786
6.15496, 3.07748, 0.22095
6.28319, 3.07748, 0.272785
0, 3.20571, 0.274713
0.128228, 3.20571, 0.335527
0.256457, 3.20571, 0.364409
0.384685, 3.20571, 0.46136
0.512913, 3.20571, 0.462512
0.641141, 3.20571, 0.413146
0.76937, 3.20571, 0.417301
0.897598, 3.20571, 0.500128
1.02583, 3.20571, 0.597964
1.15405, 3.20571, 0.620572
1.28228, 3.20571, 0.514177
1.41051, 3.20571, 0.287948
1.53874, 3.20571, 0.0017836
1.66697, 3.20571, -0.267155
1.7952, 3.20571, -0.458172
1.92342, 3.20571, -0.54662
2.05165, 3.20571, -0.545018
2.17988, 3.20571, -0.489811
2.30811, 3.20571, -0.422284
2.43634, 3.20571, -0.372209
2.56457, 3.20571, -0.349769
2.69279, 3.20571, -0.347021
2.82102, 3.20571, -0.346345
2.94925, 3.20571, -0.331221
3.07748, 3.20571, -0.294559
3.20571, 3.20571, -0.241508
3.33394, 3.20571, -0.186224
3.46216, 3.20571, -0.144575
3.59039, 3.20571, -0.12627
3.71862, 3.20571, -0.129988
3.84685, 3.20571, -0.143705
3.97508, 3.20571, -0.150184
4.1033, 3.20571, -0.135243
4.23153, 3.20571, -0.0950136
4.35976, 3.20571, -0.0384985
4.48799, 3.20571, 0.0164304
4.61622, 3.20571, 0.0523837
4.74445, 3.20571, 0.0628728
4.87267, 3.20571, 0.0578748
5.0009, 3.20571, 0.0598281
5.12913, 3.20571, 0.0898432
5.25736, 3.20571, 0.150582
5.38559, 3.20571, 0.217914
5.51382, 3.20571, 0.253194
5.64204, 3.20571, 0.236862
5.77027, 3.20571, 0.201242
5.8985, 3.20571, 0.216657
6.02673, 3.20571, 0.295585
6.15496, 3.20571, 0.303946
6.28319, 3.20571, 0.359474
0, 3.33394, 0.386771
0.128228, 3.33394, 0.419003
0.256457, 3.33394, 0.455598
0.384685, 3.33394, 0.517095
0.512913, 3.33394, 0.501332
0.641141, 3.33394, 0.468154
0.76937, 3.33394, 0.495537
0.897598, 3.33394, 0.580976
1.02583, 3.33394, 0.652646
1.15405, 3.33394, 0.631403
1.28228, 3.33394, 0.482885
1.41051, 3.33394, 0.232611
1.53874, 3.33394, -0.0526342
1.66697, 3.33394, -0.298828
1.7952, 3.33394, -0.454955
1.92342, 3.33394, -0.50773
2.05165, 3.33394, -0.478628
2.17988, 3.33394, -0.408484
2.30811, 3.33394, -0.338294
2.43634, 3.33394, -0.294224
2.56457, 3.33394, -0.2815
2.69279, 3.33394, -0.287669
2.82102, 3.33394, -0.292188
2.94925, 3.33394, -0.277536
3.07748, 3.33394, -0.237239
3.20571, 3.33394, -0.178015
3.33394, 3.33394, -0.115841
3.46216, 3.33394, -0.0681262
3.59039, 3.33394, -0.0455727
3.71862, 3.33394, -0.0472502
3.84685, 3.33394, -0.0610028
3.97508, 3.33394, -0.0690502
4.1033, 3.33394, -0.0563845
4.23153, 3.33394, -0.018185
4.35976, 3.33394, 0.0373905
4.48799, 3.33394, 0.092885
4.61622, 3.33394, 0.130585
4.74445, 3.33394, 0.142825
4.87267, 3.33394, 0.137852
5.0009, 3.33394, 0.136633
5.12913, 3.33394, 0.160213
5.25736, 3.33394, 0.213487
5.38559, 3.33394, 0.276674
5.51382, 3.33394, 0.315627
5.64204, 3.33394, 0.311948
5.77027, 3.33394, 0.292778
5.8985, 3.33394, 0.318268
6.02673, 3.33394, 0.394793
6.15496, 3.33394, 0.397697
6.28319, 3.33394, 0.450456
0, 3.46216, 0.506842
0.128228, 3.46216, 0.507589
0.256457, 3.46216, 0.551865
0.384685, 3.46216, 0.568031
0.512913, 3.46216, 0.540914
0.641141, 3.46216, 0.536851
0.76937, 3.46216, 0.590387
0.897598, 3.46216, 0.666069
1.02583, 3.46216, 0.692313
1.15405, 3.46216, 0.613888
1.28228, 3.46216, 0.423851
1.41051, 3.46216, 0.163551
1.53874, 3.46216, -0.100476
1.66697, 3.46216, -0.306313
1.7952, 3.46216, -0.418919
1.92342, 3.46216, -0.43773
2.05165, 3.46216, -0.390031
2.17988, 3.46216, -0.315679
2.30811, 3.46216, -0.250578
2.43634, 3.46216, -0.215043
2.56457, 3.46216, -0.210214
2.69279, 3.46216, -0.222212
2.82102, 3.46216, -0.231103
2.94925, 3.46216, -0.220561
3.07748, 3.46216, -0.184526
3.20571, 3.46216, -0.128752
3.33394, 3.46216, -0.0672789
3.46216, 3.46216, -0.0157337
3.59039, 3.46216, 0.0155693
3.71862, 3.46216, 0.025885
3.84685, 3.46216, 0.0239557
3.97508, 3.46216, 0.023697
4.1033, 3.46216, 0.0375375
4.23153, 3.46216, 0.0703797
4.35976, 3.46216, 0.117055
4.48799, 3.46216, 0.164777
4.61622, 3.46216, 0.199848
4.74445, 3.46216, 0.215566
4.87267, 3.46216, 0.217032
5.0009, 3.46216, 0.219318
5.12913, 3.46216, 0.238511
5.25736, 3.46216, 0.279842
5.38559, 3.46216, 0.331057
5.51382, 3.46216, 0.369214
5.64204, 3.46216, 0.381646
5.77027, 3.46216, 0.386588
5.8985, 3.46216, 0.423253
6.02673, 3.46216, 0.489389
6.15496, 3.46216, 0.490789
6.28319, 3.46216, 0.536201
0, 3.59039, 0.619695
0.128228, 3.59039, 0.593781
0.256457, 3.59039, 0.64577
0.384685, 3.59039, 0.616561
0.512913, 3.59039, 0.587918
0.641141, 3.59039, 0.622653
0.76937, 3.59039, 0.700932
0.897598, 3.59039, 0.754012
1.02583, 3.59039, 0.719033
1.15405, 3.59039, 0.574431
1.28228, 3.59039, 0.345515
1.41051, 3.59039, 0.0876325
1.53874, 3.59039, -0.13927
1.66697, 3.59039, -0.292384
1.7952, 3.59039, -0.357012
1.92342, 3.59039, -0.345626
2.05165, 3.59039, -0.288172
2.17988, 3.59039, -0.218858
2.30811, 3.59039, -0.164508
2.43634, 3.59039, -0.137861
2.56457, 3.59039, -0.136902
2.69279, 3.59039, -0.149187
2.82102, 3.59039, -0.158752
2.94925, 3.59039, -0.152842
3.07748, 3.59039, -0.126232
3.20571, 3.59039, -0.0820664
3.33394, 3.59039, -0.0294679
3.46216, 3.59039, 0.0207815
3.59039, 3.59039, 0.0606439
3.71862, 3.59039, 0.0876391
3.84685, 3.59039, 0.105109
3.97508, 3.59039, 0.120006
4.1033, 3.59039, 0.139271
4.23153, 3.59039, 0.166416
4.35976, 3.59039, 0.199894
4.48799, 3.59039, 0.234057
4.61622, 3.59039, 0.262383
4.74445, 3.59039, 0.281415
4.87267, 3.59039, 0.293275
5.0009, 3.59039, 0.304976
5.12913, 3.59039, 0.324316
5.25736, 3.59039, 0.354367
5.38559, 3.59039, 0.39047
5.51382, 3.59039, 0.423462
5.64204, 3.59039, 0.449093
5.77027, 3.59039, 0.476272
5.8985, 3.59039, 0.519822
6.02673, 3.59039, 0.569471
6.15496, 3.59039, 0.572956
6.28319, 3.59039, 0.609028
0, 3.71862, 0.71462
0.128228, 3.71862, 0.673057
0.256457, 3.71862, 0.730921
0.384685, 3.71862, 0.665551
0.512913, 3.71862, 0.64669
0.641141, 3.71862, 0.723078
0.76937, 3.71862, 0.818798
0.897598, 3.71862, 0.837407
1.02583, 3.71862, 0.732149
1.15405, 3.71862, 0.519752
1.28228, 3.71862, 0.257945
1.41051, 3.71862, 0.0126467
1.53874, 3.71862, -0.167594
1.66697, 3.71862, -0.262974
1.7952, 3.71862, -0.280708
1.92342, 3.71862, -0.245279
2.05165, 3.71862, -0.186434
2.17988, 3.71862, -0.12933
2.30811, 3.71862, -0.0890493
2.43634, 3.71862, -0.0696834
2.56457, 3.71862, -0.0667931
2.69279, 3.71862, -0.0714844
2.82102, 3.71862, -0.0744434
2.94925, 3.71862, -0.0688077
3.07748, 3.71862, -0.0514333
3.20571, 3.71862, -0.0227157
3.33394, 3.71862, 0.0145129
3.46216, 3.71862, 0.0563831
3.59039, 3.71862, 0.0991755
3.71862, 3.71862, 0.140032
3.84685, 3.71862, 0.177176
3.97508, 3.71862, 0.209811
4.1033, 3.71862, 0.237905
4.23153, 3.71862, 0.262019
4.35976, 3.71862, 0.283211
4.48799, 3.71862, 0.302914
4.61622, 3.71862, 0.322685
4.74445, 3.71862, 0.343774
4.87267, 3.71862, 0.366645
5.0009, 3.71862, 0.390732
5.12913, 3.71862, 0.414758
5.25736, 3.71862, 0.437741
5.38559, 3.71862, 0.460338
5.51382, 3.71862, 0.485578
5.64204, 3.71862, 0.517702
5.77027, 3.71862, 0.558344
5.8985, 3.71862, 0.601368
6.02673, 3.71862, 0.631819
6.15496, 3.71862, 0.640121
6.28319, 3.71862, 0.667286
0, 3.84685, 0.789005
0.128228, 3.84685, 0.745869
0.256457, 3.84685, 0.804345
0.384685, 3.84685, 0.718451
0.512913, 3.84685, 0.718802
0.641141, 3.84685, 0.830482
0.76937, 3.84685, 0.92984
0.897598, 3.84685, 0.904071
1.02583, 3.84685, 0.727981
1.15405, 3.84685, 0.455207
1.28228, 3.84685, 0.170842
1.41051, 3.84685, -0.0537528
1.53874, 3.84685, -0.18441
1.66697, 3.84685, -0.224709
1.7952, 3.84685, -0.202204
1.92342, 3.84685, -0.150945
2.05165, 3.84685, -0.0980908
2.17988, 3.84685, -0.0579623
2.30811, 3.84685, -0.0329107
2.43634, 3.84685, -0.0181577
2.56457, 3.84685, -0.00728696
2.69279, 3.84685, 0.00402842
2.82102, 3.84685, 0.0169828
2.94925, 3.84685, 0.0308064
3.07748, 3.84685, 0.04484
3.20571, 3.84685, 0.0601135
3.33394, 3.84685, 0.0795371
3.46216, 3.84685, 0.106634
3.59039, 3.84685, 0.143505
3.71862, 3.84685, 0.189108
3.84685, 3.84685, 0.238839
3.97508, 3.84685, 0.285826
4.1033, 3.84685, 0.323547
4.23153, 3.84685, 0.348702
4.35976, 3.84685, 0.362959
4.48799, 3.84685, 0.372539
4.61622, 3.84685, 0.385486
4.74445, 3.84685, 0.407656
4.87267, 3.84685, 0.439377
5.0009, 3.84685, 0.474901
5.12913, 3.84685, 0.505679
5.25736, 3.84685, 0.526357
5.38559, 3.84685, 0.539956
5.51382, 3.84685, 0.557483
5.64204, 3.84685, 0.589415
5.77027, 3.84685, 0.633001
5.8985, 3.84685, 0.66863
6.02673, 3.84685, 0.681236
6.15496, 3.84685, 0.696189
6.28319, 3.84685, 0.716425
0, 3.97508, 0.847979
0.128228, 3.97508, 0.816748
0.256457, 3.97508, 0.867102
0.384685, 3.97508, 0.778875
0.512913, 3.97508, 0.803382
0.641141, 3.97508, 0.934731
0.76937, 3.97508, 1.01839
0.897598, 3.97508, 0.940791
1.02583, 3.97508, 0.701561
1.15405, 3.97508, 0.384408
1.28228, 3.97508, 0.0921486
1.41051, 3.97508, -0.104942
1.53874, 3.97508, -0.188393
1.66697, 3.97508, -0.182359
1.7952, 3.97508, -0.13036
1.92342, 3.97508, -0.0723535
2.05165, 3.97508, -0.0311077
2.17988, 3.97508, -0.0100427
2.30811, 3.97508, 0.000378192
2.43634, 3.97508, 0.0129799
2.56457, 3.97508, 0.0358656
2.69279, 3.97508, 0.0689696
2.82102, 3.97508, 0.105513
2.94925, 3.97508, 0.136637
3.07748, 3.97508, 0.156531
3.20571, 3.97508, 0.165591
3.33394, 3.97508, 0.170353
3.46216, 3.97508, 0.180407
3.59039, 3.97508, 0.203838
3.71862, 3.97508, 0.243277
3.84685, 3.97508, 0.294388
3.97508, 3.97508, 0.347547
4.1033, 3.97508, 0.392073
4.23153, 3.97508, 0.42119
4.35976, 3.97508, 0.435394
4.48799, 3.97508, 0.442425
4.61622, 3.97508, 0.453485
4.74445, 3.97508, 0.477228
4.87267, 3.97508, 0.514536
5.0009, 3.97508, 0.557362
5.12913, 3.97508, 0.593277
5.25736, 3.97508, 0.61411
5.38559, 3.97508, 0.623373
5.51382, 3.97508, 0.635571
5.64204, 3.97508, 0.663975
5.77027, 3.97508, 0.703486
5.8985, 3.97508, 0.728614
6.02673, 3.97508, 0.728127
6.15496, 3.97508, 0.750808
6.28319, 3.97508, 0.76637
0, 4.1033, 0.900563
0.128228, 4.1033, 0.891035
0.256457, 4.1033, 0.923034
0.384685, 4.1033, 0.849631
0.512913, 4.1033, 0.897837
0.641141, 4.1033, 1.02664
0.76937, 4.1033, 1.07243
0.897598, 4.1033, 0.93821
1.02583, 4.1033, 0.649609
1.15405, 4.1033, 0.309956
1.28228, 4.1033, 0.0273815
1.41051, 4.1033, -0.136129
1.53874, 4.1033, -0.177811
1.66697, 4.1033, -0.137393
1.7952, 4.1033, -0.0681026
1.92342, 4.1033, -0.0114473
2.05165, 4.1033, 0.0153621
2.17988, 4.1033, 0.0182881
2.30811, 4.1033, 0.0161606
2.43634, 4.1033, 0.0278549
2.56457, 4.1033, 0.0627473
2.69279, 4.1033, 0.117529
2.82102, 4.1033, 0.179314
2.94925, 4.1033, 0.232565
3.07748, 4.1033, 0.266336
3.20571, 4.1033, 0.278767
3.33394, 4.1033, 0.277258
3.46216, 4.1033, 0.274659
3.59039, 4.1033, 0.283362
3.71862, 4.1033, 0.309933
3.84685, 4.1033, 0.352547
3.97508, 4.1033, 0.402286
4.1033, 4.1033, 0.447654
4.23153, 4.1033, 0.480272
4.35976, 4.1033, 0.499048
4.48799, 4.1033, 0.510686
4.61622, 4.1033, 0.525988
4.74445, 4.1033, 0.553526
4.87267, 4.1033, 0.594014
5.0009, 4.1033, 0.638965
5.12913, 4.1033, 0.67548
5.25736, 4.1033, 0.695379
5.38559, 4.1033, 0.70286
5.51382, 4.1033, 0.713253
5.64204, 4.1033, 0.73949
5.77027, 4.1033, 0.774333
5.8985, 4.1033, 0.790841
6.02673, 4.1033, 0.783455
6.15496, 4.1033, 0.814172
6.28319, 4.1033, 0.826425
0, 4.23153, 0.954397
0.128228, 4.23153, 0.970965
0.256457, 4.23153, 0.976418
0.384685, 4.23153, 0.931554
0.512913, 4.23153, 0.998521
0.641141, 4.23153, 1.10071
0.76937, 4.23153, 1.08763
0.897598, 4.23153, 0.894767
1.02583, 4.23153, 0.573285
1.15405, 4.23153, 0.234582
1.28228, 4.23153, -0.0205739
1.41051, 4.23153, -0.145222
1.53874, 4.23153, -0.151437
1.66697, 4.23153, -0.088575
1.7952, 4.23153, -0.012724
1.92342, 4.23153, 0.0374286
2.05165, 4.23153, 0.0507192
2.17988, 4.23153, 0.0397832
2.30811, 4.23153, 0.0287747
2.43634, 4.23153, 0.0395153
2.56457, 4.23153, 0.0818063
2.69279, 4.23153, 0.15072
2.82102, 4.23153, 0.230488
2.94925, 4.23153, 0.302237
3.07748, 4.23153, 0.351929
3.20571, 4.23153, 0.375335
3.33394, 4.23153, 0.378524
3.46216, 4.23153, 0.374175
3.59039, 4.23153, 0.375653
3.71862, 4.23153, 0.391461
3.84685, 4.23153, 0.422336
3.97508, 4.23153, 0.462055
4.1033, 4.23153, 0.501368
4.23153, 4.23153, 0.533135
4.35976, 4.23153, 0.556118
4.48799, 4.23153, 0.575456
4.61622, 4.23153, 0.599362
4.74445, 4.23153, 0.633606
4.87267, 4.23153, 0.676876
5.0009, 4.23153, 0.720274
5.12913, 4.23153, 0.752382
5.25736, 4.23153, 0.767787
5.38559, 4.23153, 0.773307
5.51382, 4.23153, 0.785035
5.64204, 4.23153, 0.81392
5.77027, 4.23153, 0.849183
5.8985, 4.23153, 0.86256
6.02673, 4.23153, 0.853449
6.15496, 4.23153, 0.891419
6.28319, 4.23153, 0.900264
0, 4.35976, 1.01182
0.128228, 4.35976, 1.05337
0.256457, 4.35976, 1.02985
0.384685, 4.35976, 1.02275
0.512913, 4.35976, 1.10107
0.641141, 4.35976, 1.15594
0.76937, 4.35976, 1.06836
0.897598, 4.35976, 0.817845
1.02583, 4.35976, 0.479245
1.15405, 4.35976, 0.161785
1.28228, 4.35976, -0.0515474
1.41051, 4.35976, -0.133834
1.53874, 4.35976, -0.110469
1.66697, 4.35976, -0.0347495
1.7952, 4.35976, 0.0405615
1.92342, 4.35976, 0.0832454
2.05165, 4.35976, 0.0880445
2.17988, 4.35976, 0.0709448
2.30811, 4.35976, 0.056773
2.43634, 4.35976, 0.0664556
2.56457, 4.35976, 0.108762
2.69279, 4.35976, 0.178576
2.82102, 4.35976, 0.260949
2.94925, 4.35976, 0.338261
3.07748, 4.35976, 0.397226
3.20571, 4.35976, 0.433113
3.33394, 4.35976, 0.449997
3.46216, 4.35976, 0.457559
3.59039, 4.35976, 0.466165
3.71862, 4.35976, 0.48248
3.84685, 4.35976, 0.507398
3.97508, 4.35976, 0.536993
4.1033, 4.35976, 0.565764
4.23153, 4.35976, 0.590457
4.35976, 4.35976, 0.612367
4.48799, 4.35976, 0.636746
4.61622, 4.35976, 0.66935
4.74445, 4.35976, 0.711875
4.87267, 4.35976, 0.759107
5.0009, 4.35976, 0.800331
5.12913, 4.35976, 0.825503
5.25736, 4.35976, 0.833322
5.38559, 4.35976, 0.83534
5.51382, 4.35976, 0.850065
5.64204, 4.35976, 0.88659
5.77027, 4.35976, 0.928987
5.8985, 4.35976, 0.94507
6.02673, 4.35976, 0.936673
6.15496, 4.35976, 0.979541
6.28319, 4.35976, 0.983742
0, 4.48799, 1.06948
0.128228, 4.48799, 1.13061
0.256457, 4.48799, 1.08358
0.384685, 4.48799, 1.11881
0.512913, 4.48799, 1.20043
0.641141, 4.48799, 1.19445
0.76937, 4.48799, 1.02517
0.897598, 4.48799, 0.721307
1.02583, 4.48799, 0.378181
1.15405, 4.48799, 0.0953979
1.28228, 4.48799, -0.0682556
1.41051, 4.48799, -0.108151
1.53874, 4.48799, -0.0608436
1.66697, 4.48799, 0.0211163
1.7952, 4.48799, 0.0928781
1.92342, 4.48799, 0.131089
2.05165, 4.48799, 0.135745
2.17988, 4.48799, 0.122956
2.30811, 4.48799, 0.113819
2.43634, 4.48799, 0.1245
2.56457, 4.48799, 0.160791
2.69279, 4.48799, 0.218005
2.82102, 4.48799, 0.284971
2.94925, 4.48799, 0.349671
3.07748, 4.48799, 0.404004
3.20571, 4.48799, 0.445958
3.33394, 4.48799, 0.478795
3.46216, 4.48799, 0.508093
3.59039, 4.48799, 0.538279
3.71862, 4.48799, 0.570323
3.84685, 4.48799, 0.601631
3.97508, 4.48799, 0.628111
4.1033, 4.48799, 0.647312
4.23153, 4.48799, 0.66092
4.35976, 4.48799, 0.675046
4.48799, 4.48799, 0.697695
4.61622, 4.48799, 0.734262
4.74445, 4.48799, 0.783285
4.87267, 4.48799, 0.835246
5.0009, 4.48799, 0.876287
5.12913, 4.48799, 0.896251
5.25736, 4.48799, 0.897111
5.38559, 4.48799, 0.895392
5.51382, 4.48799, 0.91315
5.64204, 4.48799, 0.958788
5.77027, 4.48799, 1.01131
5.8985, 4.48799, 1.03291
6.02673, 4.48799, 1.02507
6.15496, 4.48799, 1.06872
6.28319, 4.48799, 1.06712
0, 4.61622, 1.1219
0.128228, 4.61622, 1.19477
0.256457, 4.61622, 1.13671
0.384685, 4.61622, 1.2141
0.512913, 4.61622, 1.29091
0.641141, 4.61622, 1.21862
0.76937, 4.61622, 0.969657
0.897598, 4.61622, 0.620232
1.02583, 4.61622, 0.281232
1.15405, 4.61622, 0.0381473
1.28228, 4.61622, -0.0763876
1.41051, 4.61622, -0.07907
1.53874, 4.61622, -0.0146469
1.66697, 4.61622, 0.068573
1.7952, 4.61622, 0.136301
1.92342, 4.61622, 0.174991
2.05165, 4.61622, 0.188934
2.17988, 4.61622, 0.191908
2.30811, 4.61622, 0.198138
2.43634, 4.61622, 0.216092
2.56457, 4.61622, 0.246632
2.69279, 4.61622, 0.285015
2.82102, 4.61622, 0.324901
2.94925, 4.61622, 0.362183
3.07748, 4.61622, 0.396942
3.20571, 4.61622, 0.43288
3.33394, 4.61622, 0.474754
3.46216, 4.61622, 0.525173
3.59039, 4.61622, 0.582343
3.71862, 4.61622, 0.639938
3.84685, 4.61622, 0.689345
3.97508, 4.61622, 0.723466
4.1033, 4.61622, 0.740426
4.23153, 4.61622, 0.745389
4.35976, 4.61622, 0.74921
4.48799, 4.61622, 0.764005
4.61622, 4.61622, 0.797208
4.74445, 4.61622, 0.846918
4.87267, 4.61622, 0.901424
5.0009, 4.61622, 0.94441
5.12913, 4.61622, 0.964482
5.25736, 4.61622, 0.964269
5.38559, 4.61622, 0.962274
5.51382, 4.61622, 0.982336
5.64204, 4.61622, 1.03294
5.77027, 4.61622, 1.09117
5.8985, 4.61622, 1.11654
6.02673, 4.61622, 1.10869
6.15496, 4.61622, 1.14789
6.28319, 4.61622, 1.14098
0, 4.74445, 1.16707
0.128228, 4.74445, 1.24322
0.256457, 4.74445, 1.18955
0.384685, 4.74445, 1.30378
0.512913, 4.74445, 1.36666
0.641141, 4.74445, 1.22846
0.76937, 4.74445, 0.909255
0.897598, 4.74445, 0.525209
1.02583, 4.74445, 0.195891
1.15405, 4.74445, -0.00989844
1.28228, 4.74445, -0.0840612
1.41051, 4.74445, -0.0607943
1.53874, 4.74445, 0.0108513
1.66697, 4.74445, 0.0894046
1.7952, 4.74445, 0.152081
1.92342, 4.74445, 0.194778
2.05165, 4.74445, 0.225041
2.17988, 4.74445, 0.253122
2.30811, 4.74445, 0.285247
2.43634, 4.74445, 0.321116
2.56457, 4.74445, 0.355505
2.69279, 4.74445, 0.382289
2.82102, 4.74445, 0.398589
2.94925, 4.74445, 0.407127
3.07748, 4.74445, 0.415794
3.20571, 4.74445, 0.434705
3.33394, 4.74445, 0.471988
3.46216, 4.74445, 0.530058
3.59039, 4.74445, 0.603935
3.71862, 4.74445, 0.682441
3.84685, 4.74445, 0.751969
3.97508, 4.74445, 0.80155
4.1033, 4.74445, 0.827238
4.23153, 4.74445, 0.833967
4.35976, 4.74445, 0.833813
4.48799, 4.74445, 0.840993
4.61622, 4.74445, 0.865427
4.74445, 4.74445, 0.907722
4.87267, 4.74445, 0.95835
5.0009, 4.74445, 1.00236
5.12913, 4.74445, 1.02823
5.25736, 4.74445, 1.03643
5.38559, 4.74445, 1.04164
5.51382, 4.74445, 1.06385
5.64204, 4.74445, 1.11067
5.77027, 4.74445, 1.16324
5.8985, 4.74445, 1.18744
6.02673, 4.74445, 1.18179
6.15496, 4.74445, 1.21179
6.28319, 4.74445, 1.20291
0, 4.87267, 1.21045
0.128228, 4.87267, 1.28216
0.256457, 4.87267, 1.24535
0.384685, 4.87267, 1.3854
0.512913, 4.87267, 1.42271
0.641141, 4.87267, 1.22109
0.76937, 4.87267, 0.844918
0.897598, 4.87267, 0.439273
1.02583, 4.87267, 0.123731
1.15405, 4.87267, -0.0516913
1.28228, 4.87267, -0.100005
1.41051, 4.87267, -0.0673294
1.53874, 4.87267, -0.00241333
1.66697, 4.87267, 0.0622288
1.7952, 4.87267, 0.11513
1.92342, 4.87267, 0.160373
2.05165, 4.87267, 0.207792
2.17988, 4.87267, 0.264232
2.30811, 4.87267, 0.329058
2.43634, 4.87267, 0.394547
2.56457, 4.87267, 0.449858
2.69279, 4.87267, 0.486231
2.82102, 4.87267, 0.50109
2.94925, 4.87267, 0.499525
3.07748, 4.87267, 0.492736
3.20571, 4.87267, 0.494193
3.33394, 4.87267, 0.514968
3.46216, 4.87267, 0.559937
3.59039, 4.87267, 0.626145
3.71862, 4.87267, 0.703888
3.84685, 4.87267, 0.780109
3.97508, 4.87267, 0.84292
4.1033, 4.87267, 0.885633
4.23153, 4.87267, 0.908848
4.35976, 4.87267, 0.919777
4.48799, 4.87267, 0.928994
4.61622, 4.87267, 0.945854
4.74445, 4.87267, 0.97449
4.87267, 4.87267, 1.01227
5.0009, 4.87267, 1.0517
5.12913, 4.87267, 1.08518
5.25736, 4.87267, 1.11015
5.38559, 4.87267, 1.13128
5.51382, 4.87267, 1.15694
5.64204, 4.87267, 1.19081
5.77027, 4.87267, 1.22469
5.8985, 4.87267, 1.2433
6.02673, 4.87267, 1.24661
6.15496, 4.87267, 1.26539
6.28319, 4.87267, 1.26042
0, 5.0009, 1.26389
0.128228, 5.0009, 1.32498
0.256457, 5.0009, 1.3097
0.384685, 5.0009, 1.45913
0.512913, 5.0009, 1.45665
0.641141, 5.0009, 1.19335
0.76937, 5.0009, 0.77372
0.897598, 5.0009, 0.359793
1.02583, 5.0009, 0.0618128
1.15405, 5.0009, -0.0913434
1.28228, 5.0009, -0.130241
1.41051, 5.0009, -0.107114
1.53874, 5.0009, -0.0657823
1.66697, 5.0009, -0.0280392
1.7952, 5.0009, 0.00519299
1.92342, 5.0009, 0.044459
2.05165, 5.0009, 0.100991
2.17988, 5.0009, 0.179251
2.30811, 5.0009, 0.274595
2.43634, 5.0009, 0.375436
2.56457, 5.0009, 0.467903
2.69279, 5.0009, 0.540712
2.82102, 5.0009, 0.588513
2.94925, 5.0009, 0.612877
3.07748, 5.0009, 0.621056
3.20571, 5.0009, 0.623294
3.33394, 5.0009, 0.629728
3.46216, 5.0009, 0.647834
3.59039, 5.0009, 0.680985
3.71862, 5.0009, 0.728281
3.84685, 5.0009, 0.785417
3.97508, 5.0009, 0.846172
4.1033, 5.0009, 0.904056
4.23153, 5.0009, 0.953774
4.35976, 5.0009, 0.992312
4.48799, 5.0009, 1.01955
4.61622, 5.0009, 1.03832
4.74445, 5.0009, 1.05385
4.87267, 5.0009, 1.07235
5.0009, 5.0009, 1.099
5.12913, 5.0009, 1.13554
5.25736, 5.0009, 1.17868
5.38559, 5.0009, 1.22047
5.51382, 5.0009, 1.25191
5.64204, 5.0009, 1.26893
5.77027, 5.0009, 1.27743
5.8985, 5.0009, 1.29031
6.02673, 5.0009, 1.31188
6.15496, 5.0009, 1.32186
6.28319, 5.0009, 1.32711
0, 5.12913, 1.33833
0.128228, 5.12913, 1.38478
0.256457, 5.12913, 1.38685
0.384685, 5.12913, 1.526
0.512913, 5.12913, 1.46994
0.641141, 5.12913, 1.14681
0.76937, 5.12913, 0.695856
0.897598, 5.12913, 0.285195
1.02583, 5.12913, 0.00785548
1.15405, 5.12913, -0.130199
1.28228, 5.12913, -0.174043
1.41051, 5.12913, -0.177339
1.53874, 5.12913, -0.175514
1.66697, 5.12913, -0.178705
1.7952, 5.12913, -0.178519
1.92342, 5.12913, -0.159879
2.05165, 5.12913, -0.111103
2.17988, 5.12913, -0.028978
2.30811, 5.12913, 0.0811737
2.43634, 5.12913, 0.208526
2.56457, 5.12913, 0.340564
2.69279, 5.12913, 0.466011
2.82102, 5.12913, 0.576245
2.94925, 5.12913, 0.665522
3.07748, 5.12913, 0.730744
3.20571, 5.12913, 0.771429
3.33394, 5.12913, 0.790082
3.46216, 5.12913, 0.792628
3.59039, 5.12913, 0.788262
3.71862, 5.12913, 0.788134
3.84685, 5.12913, 0.802764
3.97508, 5.12913, 0.838772
4.1033, 5.12913, 0.896099
4.23153, 5.12913, 0.967099
4.35976, 5.12913, 1.03847
4.48799, 5.12913, 1.09597
4.61622, 5.12913, 1.13046
4.74445, 5.12913, 1.14279
4.87267, 5.12913, 1.14467
5.0009, 5.12913, 1.1538
5.12913, 5.12913, 1.18437
5.25736, 5.12913, 1.23702
5.38559, 5.12913, 1.29522
5.51382, 5.12913, 1.33382
5.64204, 5.12913, 1.33923
5.77027, 5.12913, 1.32825
5.8985, 5.12913, 1.34046
6.02673, 5.12913, 1.38578
6.15496, 5.12913, 1.39369
6.28319, 5.12913, 1.41225
0, 5.25736, 1.43372
0.128228, 5.25736, 1.46412
0.256457, 5.25736, 1.47472
0.384685, 5.25736, 1.58488
0.512913, 5.25736, 1.46801
0.641141, 5.25736, 1.09211
0.76937, 5.25736, 0.622078
0.897598, 5.25736, 0.222904
1.02583, 5.25736, -0.0334516
1.15405, 5.25736, -0.162751
1.28228, 5.25736, -0.221163
1.41051, 5.25736, -0.260855
1.53874, 5.25736, -0.307833
1.66697, 5.25736, -0.36151
1.7952, 5.25736, -0.406256
1.92342, 5.25736, -0.424561
2.05165, 5.25736, -0.405422
2.17988, 5.25736, -0.34639
2.30811, 5.25736, -0.251175
2.43634, 5.25736, -0.125989
2.56457, 5.25736, 0.0228043
2.69279, 5.25736, 0.188756
2.82102, 5.25736, 0.363778
2.94925, 5.25736, 0.536591
3.07748, 5.25736, 0.692769
3.20571, 5.25736, 0.817154
3.33394, 5.25736, 0.898121
3.46216, 5.25736, 0.932139
3.59039, 5.25736, 0.926563
3.71862, 5.25736, 0.899013
3.84685, 5.25736, 0.87288
3.97508, 5.25736, 0.870036
4.1033, 5.25736, 0.903194
4.23153, 5.25736, 0.970973
4.35976, 5.25736, 1.0581
4.48799, 5.25736, 1.14142
4.61622, 5.25736, 1.20001
4.74445, 5.25736, 1.22519
4.87267, 5.25736, 1.22551
5.0009, 5.25736, 1.22304
5.12913, 5.25736, 1.24082
5.25736, 5.25736, 1.28736
5.38559, 5.25736, 1.34772
5.51382, 5.25736, 1.39143
5.64204, 5.25736, 1.39829
5.77027, 5.25736, 1.38595
5.8985, 5.25736, 1.4043
6.02673, 5.25736, 1.46726
6.15496, 5.25736, 1.48105
6.28319, 5.25736, 1.50966
0, 5.38559, 1.53367
0.128228, 5.38559, 1.54939
0.256457, 5.38559, 1.56232
0.384685, 5.38559, 1.63053
0.512913, 5.38559, 1.45833
0.641141, 5.38559, 1.04829
0.76937, 5.38559, 0.575112
0.897598, 5.38559, 0.192133
1.02583, 5.38559, -0.0478937
1.15405, 5.38559, -0.175721
1.28228, 5.38559, -0.253051
1.41051, 5.38559, -0.329033
1.53874, 5.38559, -0.422374
1.66697, 5.38559, -0.525539
1.7952, 5.38559, -0.619173
1.92342, 5.38559, -0.685655
2.05165, 5.38559, -0.715802
2.17988, 5.38559, -0.70827
2.30811, 5.38559, -0.66488
2.43634, 5.38559, -0.585985
2.56457, 5.38559, -0.468903
2.69279, 5.38559, -0.310143
2.82102, 5.38559, -0.110034
2.94925, 5.38559, 0.122853
3.07748, 5.38559, 0.370033
3.20571, 5.38559, 0.605548
3.33394, 5.38559, 0.802167
3.46216, 5.38559, 0.939322
3.59039, 5.38559, 1.0099
3.71862, 5.38559, 1.02315
3.84685, 5.38559, 1.00225
3.97508, 5.38559, 0.976955
4.1033, 5.38559, 0.973592
4.23153, 5.38559, 1.00617
4.35976, 5.38559, 1.07198
4.48799, 5.38559, 1.15383
4.61622, 5.38559, 1.22854
4.74445, 5.38559, 1.27819
4.87267, 5.38559, 1.29912
5.0009, 5.38559, 1.30362
5.12913, 5.38559, 1.31226
5.25736, 5.38559, 1.34006
5.38559, 5.38559, 1.3847
5.51382, 5.38559, 1.42701
5.64204, 5.38559, 1.44846
5.77027, 5.38559, 1.45556
5.8985, 5.38559, 1.48258
6.02673, 5.38559, 1.54296
6.15496, 5.38559, 1.56659
6.28319, 5.38559, 1.59561
0, 5.51382, 1.61291
0.128228, 5.51382, 1.61728
0.256457, 5.51382, 1.63395
0.384685, 5.51382, 1.65543
0.512913, 5.51382, 1.4469
0.641141, 5.51382, 1.03426
0.76937, 5.51382, 0.579511
0.897598, 5.51382, 0.215469
1.02583, 5.51382, -0.0176833
1.15405, 5.51382, -0.153283
1.28228, 5.51382, -0.249898
1.41051, 5.51382, -0.352453
1.53874, 5.51382, -0.476966
1.66697, 5.51382, -0.615398
1.7952, 5.51382, -0.749653
1.92342, 5.51382, -0.864364
2.05165, 5.51382, -0.952729
2.17988, 5.51382, -1.01493
2.30811, 5.51382, -1.05225
2.43634, 5.51382, -1.06128
2.56457, 5.51382, -1.03155
2.69279, 5.51382, -0.947974
2.82102, 5.51382, -0.796957
2.94925, 5.51382, -0.573679
3.07748, 5.51382, -0.287344
3.20571, 5.51382, 0.0378548
3.33394, 5.51382, 0.366853
3.46216, 5.51382, 0.661859
3.59039, 5.51382, 0.892026
3.71862, 5.51382, 1.04154
3.84685, 5.51382, 1.11343
3.97508, 5.51382, 1.12773
4.1033, 5.51382, 1.11449
4.23153, 5.51382, 1.10391
4.35976, 5.51382, 1.11695
4.48799, 5.51382, 1.15966
4.61622, 5.51382, 1.22343
4.74445, 5.51382, 1.29091
4.87267, 5.51382, 1.34523
5.0009, 5.51382, 1.37834
5.12913, 5.51382, 1.39442
5.25736, 5.51382, 1.40633
5.38559, 5.51382, 1.42674
5.51382, 5.51382, 1.45946
5.64204, 5.51382, 1.49772
5.77027, 5.51382, 1.53226
5.8985, 5.51382, 1.56275
6.02673, 5.51382, 1.59629
6.15496, 5.51382, 1.62512
6.28319, 5.51382, 1.64403
0, 5.64204, 1.65837
0.128228, 5.64204, 1.65468
0.256457, 5.64204, 1.68073
0.384685, 5.64204, 1.65695
0.512913, 5.64204, 1.43556
0.641141, 5.64204, 1.0544
0.76937, 5.64204, 0.641066
0.897598, 5.64204, 0.299368
1.02583, 5.64204, 0.0639625
1.15405, 5.64204, -0.0878679
1.28228, 5.64204, -0.201882
1.41051, 5.64204, -0.316876
1.53874, 5.64204, -0.450677
1.66697, 5.64204, -0.601466
1.7952, 5.64204, -0.757504
1.92342, 5.64204, -0.907501
2.05165, 5.64204, -1.04642
2.17988, 5.64204, -1.17515
2.30811, 5.64204, -1.29563
2.43634, 5.64204, -1.4047
2.56457, 5.64204, -1.48997
2.69279, 5.64204, -1.52993
2.82102, 5.64204, -1.49866
2.94925, 5.64204, -1.37356
3.07748, 5.64204, -1.14375
3.20571, 5.64204, -0.816117
3.33394, 5.64204, -0.416857
3.46216, 5.64204, 0.0123545
3.59039, 5.64204, 0.422852
3.71862, 5.64204, 0.769937
3.84685, 5.64204, 1.02328
3.97508, 5.64204, 1.17374
4.1033, 5.64204, 1.23455
4.23153, 5.64204, 1.23618
4.35976, 5.64204, 1.21646
4.48799, 5.64204, 1.20874
4.61622, 5.64204, 1.23207
4.74445, 5.64204, 1.2868
4.87267, 5.64204, 1.35746
5.0009, 5.64204, 1.42214
5.12913, 5.64204, 1.46463
5.25736, 5.64204, 1.48364
5.38559, 5.64204, 1.49347
5.51382, 5.64204, 1.51398
5.64204, 5.64204, 1.55393
5.77027, 5.64204, 1.59977
5.8985, 5.64204, 1.62525
6.02673, 5.64204, 1.62696
6.15496, 5.64204, 1.6484
6.28319, 5.64204, 1.65552
0, 5.77027, 1.68891
0.128228, 5.77027, 1.67868
0.256457, 5.77027, 1.71135
0.384685, 5.77027, 1.64644
0.512913, 5.77027, 1.42401
0.641141, 5.77027, 1.08925
0.76937, 5.77027, 0.729431
0.897598, 5.77027, 0.415954
1.02583, 5.77027, 0.178992
1.15405, 5.77027, 0.0106745
1.28228, 5.77027, -0.117323
1.41051, 5.77027, -0.23509
1.53874, 5.77027, -0.362546
1.66697, 5.77027, -0.506321
1.7952, 5.77027, -0.663329
1.92342, 5.77027, -0.827112
2.05165, 5.77027, -0.993165
2.17988, 5.77027, -1.16092
2.30811, 5.77027, -1.33196
2.43634, 5.77027, -1.50576
2.56457, 5.77027, -1.67501
2.69279, 5.77027, -1.82284
2.82102, 5.77027, -1.92353
2.94925, 5.77027, -1.94686
3.07748, 5.77027, -1.86537
3.20571, 5.77027, -1.66242
3.33394, 5.77027, -1.33879
3.46216, 5.77027, -0.915617
3.59039, 5.77027, -0.432436
3.71862, 5.77027, 0.0596381
3.84685, 5.77027, 0.508184
3.97508, 5.77027, 0.870674
4.1033, 5.77027, 1.12363
4.23153, 5.77027, 1.26708
4.35976, 5.77027, 1.32287
4.48799, 5.77027, 1.327
4.61622, 5.77027, 1.31815
4.74445, 5.77027, 1.32598
4.87267, 5.77027, 1.36311
5.0009, 5.77027, 1.42392
5.12913, 5.77027, 1.49083
5.25736, 5.77027, 1.54549
5.38559, 5.77027, 1.57961
5.51382, 5.77027, 1.59892
5.64204, 5.77027, 1.61665
5.77027, 5.77027, 1.63964
5.8985, 5.77027, 1.65944
6.02673, 5.77027, 1.66398
6.15496, 5.77027, 1.66683
6.28319, 5.77027, 1.67614
0, 5.8985, 1.74232
0.128228, 5.8985, 1.72768
0.256457, 5.8985, 1.74519
0.384685, 5.8985, 1.64976
0.512913, 5.8985, 1.41904
0.641141, 5.8985, 1.10897
0.76937, 5.8985, 0.7903
0.897598, 5.8985, 0.511672
1.02583, 5.8985, 0.290619
1.15405, 5.8985, 0.120709
1.28228, 5.8985, -0.0162684
1.41051, 5.8985, -0.139861
1.53874, 5.8985, -0.264819
1.66697, 5.8985, -0.399154
1.7952, 5.8985, -0.545054
1.92342, 5.8985, -0.701135
2.05165, 5.8985, -0.864794
2.17988, 5.8985, -1.03385
2.30811, 5.8985, -1.20709
2.43634, 5.8985, -1.38367
2.56457, 5.8985, -1.56152
2.69279, 5.8985, -1.73538
2.82102, 5.8985, -1.89491
2.94925, 5.8985, -2.02375
3.07748, 5.8985, -2.10012
3.20571, 5.8985, -2.09937
3.33394, 5.8985, -1.99843
3.46216, 5.8985, -1.78154
3.59039, 5.8985, -1.44594
3.71862, 5.8985, -1.00619
3.84685, 5.8985, -0.495207
3.97508, 5.8985, 0.0388584
4.1033, 5.8985, 0.540351
4.23153, 5.8985, 0.957231
4.35976, 5.8985, 1.25325
4.48799, 5.8985, 1.41773
4.61622, 5.8985, 1.46938
4.74445, 5.8985, 1.45154
4.87267, 5.8985, 1.41872
5.0009, 5.8985, 1.41746
5.12913, 5.8985, 1.46823
5.25736, 5.8985, 1.55684
5.38559, 5.8985, 1.64271
5.51382, 5.8985, 1.68495
5.64204, 5.8985, 1.6753
5.77027, 5.8985, 1.65397
5.8985, 5.8985, 1.67856
6.02673, 5.8985, 1.74195
6.15496, 5.8985, 1.73179
6.28319, 5.8985, 1.76312
0, 6.02673, 1.8098
0.128228, 6.02673, 1.80139
0.256457, 6.02673, 1.77759
0.384685, 6.02673, 1.68483
0.512913, 6.02673, 1.44293
0.641141, 6.02673, 1.1178
0.76937, 6.02673, 0.808258
0.897598, 6.02673, 0.565043
1.02583, 6.02673, 0.38396
1.15405, 6.02673, 0.235629
1.28228, 6.02673, 0.0944102
1.41051, 6.02673, -0.0495959
1.53874, 6.02673, -0.193935
1.66697, 6.02673, -0.333428
1.7952, 6.02673, -0.467576
1.92342, 6.02673, -0.601882
2.05165, 6.02673, -0.743983
2.17988, 6.02673, -0.898163
2.30811, 6.02673, -1.06195
2.43634, 6.02673, -1.22677
2.56457, 6.02673, -1.3821
2.69279, 6.02673, -1.52088
2.82102, 6.02673, -1.64298
2.94925, 6.02673, -1.75471
3.07748, 6.02673, -1.86371
3.20571, 6.02673, -1.97127
3.33394, 6.02673, -2.06512
3.46216, 6.02673, -2.11645
3.59039, 6.02673, -2.0838
3.71862, 6.02673, -1.92401
3.84685, 6.02673, -1.60771
3.97508, 6.02673, -1.13444
4.1033, 6.02673, -0.541273
4.23153, 6.02673, 0.0997198
4.35976, 6.02673, 0.697034
4.48799, 6.02673, 1.1652
4.61622, 6.02673, 1.45243
4.74445, 6.02673, 1.55976
4.87267, 6.02673, 1.54192
5.0009, 6.02673, 1.48562
5.12913, 6.02673, 1.47074
5.25736, 6.02673, 1.53076
5.38559, 6.02673, 1.63559
5.51382, 6.02673, 1.71525
5.64204, 6.02673, 1.72155
5.77027, 6.02673, 1.68818
5.8985, 6.02673, 1.71541
6.02673, 6.02673, 1.82722
6.15496, 6.02673, 1.83317
6.28319, 6.02673, 1.8774
0, 6.15496, 1.80166
0.128228, 6.15496, 1.81294
0.256457, 6.15496, 1.76548
0.384685, 6.15496, 1.71536
0.512913, 6.15496, 1.50389
0.641141, 6.15496, 1.18367
0.76937, 6.15496, 0.879361
0.897598, 6.15496, 0.656838
1.02583, 6.15496, 0.503552
1.15405, 6.15496, 0.372052
1.28228, 6.15496, 0.226374
1.41051, 6.15496, 0.061356
1.53874, 6.15496, -0.105375
1.66697, 6.15496, -0.25387
1.7952, 6.15496, -0.378845
1.92342, 6.15496, -0.494225
2.05165, 6.15496, -0.625036
2.17988, 6.15496, -0.792769
2.30811, 6.15496, -1.00238
2.43634, 6.15496, -1.23721
2.56457, 6.15496, -1.46408
2.69279, 6.15496, -1.64598
2.82102, 6.15496, -1.75724
2.94925, 6.15496, -1.79449
3.07748, 6.15496, -1.77913
3.20571, 6.15496, -1.74956
3.33394, 6.15496, -1.74571
3.46216, 6.15496, -1.79115
3.59039, 6.15496, -1.87955
3.71862, 6.15496, -1.97091
3.84685, 6.15496, -2.00042
3.97508, 6.15496, -1.8982
4.1033, 6.15496, -1.61423
4.23153, 6.15496, -1.14015
4.35976, 6.15496, -0.519419
4.48799, 6.15496, 0.159496
4.61622, 6.15496, 0.787022
4.74445, 6.15496, 1.26676
4.87267, 6.15496, 1.54832
5.0009, 6.15496, 1.64501
5.12913, 6.15496, 1.62653
5.25736, 6.15496, 1.58616
5.38559, 6.15496, 1.59491
5.51382, 6.15496, 1.66587
5.64204, 6.15496, 1.75378
5.77027, 6.15496, 1.79907
5.8985, 6.15496, 1.79176
6.02673, 6.15496, 1.79106
6.15496, 6.15496, 1.83648
6.28319, 6.15496, 1.82789
0, 6.28319, 1.95124
0.128228, 6.28319, 1.88943
0.256457, 6.28319, 1.86519
0.384685, 6.28319, 1.64195
0.512913, 6.28319, 1.42756
0.641141, 6.28319, 1.25211
0.76937, 6.28319, 1.05918
0.897598, 6.28319, 0.82669
1.02583, 6.28319, 0.586043
1.15405, 6.28319, 0.383038
1.28228, 6.28319, 0.239229
1.41051, 6.28319, 0.140975
1.53874, 6.28319, 0.0535145
1.66697, 6.28319, -0.0561061
1.7952, 6.28319, -0.202541
1.92342, 6.28319, -0.379141
2.05165, 6.28319, -0.566661
2.17988, 6.28319, -0.746577
2.30811, 6.28319, -0.91126
2.43634, 6.28319, -1.06626
2.56457, 6.28319, -1.22445
2.69279, 6.28319, -1.39581
2.82102, 6.28319, -1.57827
2.94925, 6.28319, -1.75456
3.07748, 6.28319, -1.89699
3.20571, 6.28319, -1.97856
3.33394, 6.28319, -1.98587
3.46216, 6.28319, -1.92776
3.59039, 6.28319, -1.83506
3.71862, 6.28319, -1.74969
3.84685, 6.28319, -1.70613
3.97508, 6.28319, -1.71171
4.1033, 6.28319, -1.7346
4.23153, 6.28319, -1.7068
4.35976, 6.28319, -1.5448
4.48799, 6.28319, -1.18358
4.61622, 6.28319, -0.612327
4.74445, 6.28319, 0.104347
4.87267, 6.28319, 0.834145
5.0009, 6.28319, 1.41942
5.12913, 6.28319, 1.74369
5.25736, 6.28319, 1.79425
5.38559, 6.28319, 1.68229
5.51382, 6.28319, 1.58971
5.64204, 6.28319, 1.64881
5.77027, 6.28319, 1.82401
5.8985, 6.28319, 1.92457
6.02673, 6.28319, 1.84892
6.15496, 6.28319, 1.86359
6.28319, 6.28319, 1.82004
