0, 0, 1.91775
0.128228, 0, 1.759
0.256457, 0, 1.76547
0.384685, 0, 1.49624
0.512913, 0, 1.28507
0.641141, 0, 1.17515
0.76937, 0, 1.05058
0.897598, 0, 0.843585
1.02583, 0, 0.583252
1.15405, 0, 0.342074
1.28228, 0, 0.171726
1.41051, 0, 0.0752717
1.53874, 0, 0.0177349
1.66697, 0, -0.045635
1.7952, 0, -0.145155
1.92342, 0, -0.287972
2.05165, 0, -0.464222
2.17988, 0, -0.659955
2.30811, 0, -0.867457
2.43634, 0, -1.08723
2.56457, 0, -1.32166
2.69279, 0, -1.56501
2.82102, 0, -1.79663
2.94925, 0, -1.98224
3.07748, 0, -2.08473
3.20571, 0, -2.0807
3.33394, 0, -1.97555
3.46216, 0, -1.80953
3.59039, 0, -1.64916
3.71862, 0, -1.56454
3.84685, 0, -1.59869
3.97508, 0, -1.74062
4.1033, 0, -1.91479
4.23153, 0, -1.99624
4.35976, 0, -1.85167
4.48799, 0, -1.39606
4.61622, 0, -0.643394
4.74445, 0, 0.273645
4.87267, 0, 1.13448
5.0009, 0, 1.71347
5.12913, 0, 1.88911
5.25736, 0, 1.72744
5.38559, 0, 1.47711
5.51382, 0, 1.43792
5.64204, 0, 1.73769
5.77027, 0, 2.16302
5.8985, 0, 2.27639
6.02673, 0, 1.95305
6.15496, 0, 1.85667
6.28319, 0, 1.64558
0, 0.128228, 1.8243
0.128228, 0.128228, 1.82304
0.256457, 0.128228, 1.81766
0.384685, 0.128228, 1.72761
0.512913, 0.128228, 1.53536
0.641141, 0.128228, 1.3021
0.76937, 0.128228, 1.08683
0.897598, 0.128228, 0.908878
1.02583, 0.128228, 0.75611
1.15405, 0.128228, 0.608712
1.28228, 0.128228, 0.456216
1.41051, 0.128228, 0.300789
1.53874, 0.128228, 0.150623
1.66697, 0.128228, 0.0109129
1.7952, 0.128228, -0.121631
1.92342, 0.128228, -0.258426
2.05165, 0.128228, -0.413967
2.17988, 0.128228, -0.599079
2.30811, 0.128228, -0.81565
2.43634, 0.128228, -1.0548
2.56457, 0.128228, -1.29881
2.69279, 0.128228, -1.52577
2.82102, 0.128228, -1.71497
2.94925, 0.128228, -1.85141
3.07748, 0.128228, -1.9283
3.20571, 0.128228, -1.94734
3.33394, 0.128228, -1.9175
3.46216, 0.128228, -1.8531
3.59039, 0.128228, -1.77194
3.71862, 0.128228, -1.69347
3.84685, 0.128228, -1.63648
3.97508, 0.128228, -1.6154
4.1033, 0.128228, -1.63482
4.23153, 0.128228, -1.68302
4.35976, 0.128228, -1.72676
4.48799, 0.128228, -1.71103
4.61622, 0.128228, -1.56759
4.74445, 0.128228, -1.23428
4.87267, 0.128228, -0.682699
5.0009, 0.128228, 0.0538721
5.12913, 0.128228, 0.86662
5.25736, 0.128228, 1.58736
5.38559, 0.128228, 2.04451
5.51382, 0.128228, 2.15008
5.64204, 0.128228, 1.97846
5.77027, 0.128228, 1.76595
5.8985, 0.128228, 1.75771
6.02673, 0.128228, 1.92082
6.15496, 0.128228, 1.85125
6.28319, 0.128228, 1.93687
0, 0.256457, 1.90856
0.128228, 0.256457, 1.81116
0.256457, 0.256457, 1.71509
0.384685, 0.256457, 1.63353
0.512913, 0.256457, 1.47517
0.641141, 0.256457, 1.27013
0.76937, 0.256457, 1.07984
0.897598, 0.256457, 0.928329
1.02583, 0.256457, 0.800945
1.15405, 0.256457, 0.673493
1.28228, 0.256457, 0.535516
1.41051, 0.256457, 0.394138
1.53874, 0.256457, 0.263061
1.66697, 0.256457, 0.148382
1.7952, 0.256457, 0.0409238
1.92342, 0.256457, -0.0813121
2.05165, 0.256457, -0.242936
2.17988, 0.256457, -0.458944
2.30811, 0.256457, -0.726317
2.43634, 0.256457, -1.02297
2.56457, 0.256457, -1.31417
2.69279, 0.256457, -1.56362
2.82102, 0.256457, -1.7447
2.94925, 0.256457, -1.84792
3.07748, 0.256457, -1.88187
3.20571, 0.256457, -1.86801
3.33394, 0.256457, -1.8315
3.46216, 0.256457, -1.79202
3.59039, 0.256457, -1.75809
3.71862, 0.256457, -1.7272
3.84685, 0.256457, -1.69138
3.97508, 0.256457, -1.64549
4.1033, 0.256457, -1.5939
4.23153, 0.256457, -1.55136
4.35976, 0.256457, -1.53588
4.48799, 0.256457, -1.55511
4.61622, 0.256457, -1.59174
4.74445, 0.256457, -1.59578
4.87267, 0.256457, -1.49173
5.0009, 0.256457, -1.20353
5.12913, 0.256457, -0.691971
5.25736, 0.256457, 0.01075
5.38559, 0.256457, 0.79096
5.51382, 0.256457, 1.4862
5.64204, 0.256457, 1.95942
5.77027, 0.256457, 2.17853
5.8985, 0.256457, 2.23017
6.02673, 0.256457, 2.20647
6.15496, 0.256457, 2.05695
6.28319, 0.256457, 1.97675
0, 0.384685, 2.17358
0.128228, 0.384685, 2.17073
0.256457, 0.384685, 2.09795
0.384685, 0.384685, 1.96131
0.512913, 0.384685, 1.74871
0.641141, 0.384685, 1.5099
0.76937, 0.384685, 1.29153
0.897598, 0.384685, 1.10476
1.02583, 0.384685, 0.936133
1.15405, 0.384685, 0.771577
1.28228, 0.384685, 0.610236
1.41051, 0.384685, 0.462515
1.53874, 0.384685, 0.338555
1.66697, 0.384685, 0.236954
1.7952, 0.384685, 0.140785
1.92342, 0.384685, 0.022684
2.05165, 0.384685, -0.143945
2.17988, 0.384685, -0.373007
2.30811, 0.384685, -0.658245
2.43634, 0.384685, -0.973199
2.56457, 0.384685, -1.27852
2.69279, 0.384685, -1.53387
2.82102, 0.384685, -1.7102
2.94925, 0.384685, -1.79806
3.07748, 0.384685, -1.80943
3.20571, 0.384685, -1.77239
3.33394, 0.384685, -1.72086
3.46216, 0.384685, -1.68278
3.59039, 0.384685, -1.67112
3.71862, 0.384685, -1.68084
3.84685, 0.384685, -1.69306
3.97508, 0.384685, -1.68499
4.1033, 0.384685, -1.642
4.23153, 0.384685, -1.5668
4.35976, 0.384685, -1.48125
4.48799, 0.384685, -1.41844
4.61622, 0.384685, -1.40666
4.74445, 0.384685, -1.45043
4.87267, 0.384685, -1.51686
5.0009, 0.384685, -1.53602
5.12913, 0.384685, -1.41989
5.25736, 0.384685, -1.09778
5.38559, 0.384685, -0.556227
5.51382, 0.384685, 0.136387
5.64204, 0.384685, 0.841415
5.77027, 0.384685, 1.40715
5.8985, 0.384685, 1.7541
6.02673, 0.384685, 1.93295
6.15496, 0.384685, 2.07332
6.28319, 0.384685, 2.17863
0, 0.512913, 1.89356
0.128228, 0.512913, 2.08055
0.256457, 0.512913, 2.14003
0.384685, 0.512913, 2.05721
0.512913, 0.512913, 1.88137
0.641141, 0.512913, 1.68033
0.76937, 0.512913, 1.48943
0.897598, 0.512913, 1.30816
1.02583, 0.512913, 1.12339
1.15405, 0.512913, 0.930993
1.28228, 0.512913, 0.742211
1.41051, 0.512913, 0.57567
1.53874, 0.512913, 0.443781
1.66697, 0.512913, 0.342578
1.7952, 0.512913, 0.250268
1.92342, 0.512913, 0.134698
2.05165, 0.512913, -0.0340397
2.17988, 0.512913, -0.271263
2.30811, 0.512913, -0.570432
2.43634, 0.512913, -0.90349
2.56457, 0.512913, -1.22851
2.69279, 0.512913, -1.50192
2.82102, 0.512913, -1.69116
2.94925, 0.512913, -1.78377
3.07748, 0.512913, -1.79009
3.20571, 0.512913, -1.73898
3.33394, 0.512913, -1.66793
3.46216, 0.512913, -1.61096
3.59039, 0.512913, -1.58814
3.71862, 0.512913, -1.60015
3.84685, 0.512913, -1.62981
3.97508, 0.512913, -1.65012
4.1033, 0.512913, -1.63621
4.23153, 0.512913, -1.57689
4.35976, 0.512913, -1.48146
4.48799, 0.512913, -1.37828
4.61622, 0.512913, -1.30456
4.74445, 0.512913, -1.2899
4.87267, 0.512913, -1.33944
5.0009, 0.512913, -1.42384
5.12913, 0.512913, -1.48232
5.25736, 0.512913, -1.44105
5.38559, 0.512913, -1.24238
5.51382, 0.512913, -0.873425
5.64204, 0.512913, -0.378217
5.77027, 0.512913, 0.15936
5.8985, 0.512913, 0.661106
6.02673, 0.512913, 1.10336
6.15496, 0.512913, 1.51816
6.28319, 0.512913, 1.89414
0, 0.641141, 1.06345
0.128228, 0.641141, 1.38627
0.256457, 0.641141, 1.58941
0.384685, 0.641141, 1.651
0.512913, 0.641141, 1.61335
0.641141, 0.641141, 1.53732
0.76937, 0.641141, 1.44977
0.897598, 0.641141, 1.34325
1.02583, 0.641141, 1.2031
1.15405, 0.641141, 1.0302
1.28228, 0.641141, 0.845241
1.41051, 0.641141, 0.677021
1.53874, 0.641141, 0.545268
1.66697, 0.641141, 0.448658
1.7952, 0.641141, 0.363603
1.92342, 0.641141, 0.253528
2.05165, 0.641141, 0.0838976
2.17988, 0.641141, -0.163396
2.30811, 0.641141, -0.48173
2.43634, 0.641141, -0.84022
2.56457, 0.641141, -1.19238
2.69279, 0.641141, -1.48975
2.82102, 0.641141, -1.69578
2.94925, 0.641141, -1.79573
3.07748, 0.641141, -1.79954
3.20571, 0.641141, -1.7372
3.33394, 0.641141, -1.64856
3.46216, 0.641141, -1.5707
3.59039, 0.641141, -1.52733
3.71862, 0.641141, -1.52309
3.84685, 0.641141, -1.54472
3.97508, 0.641141, -1.56823
4.1033, 0.641141, -1.56946
4.23153, 0.641141, -1.53421
4.35976, 0.641141, -1.46417
4.48799, 0.641141, -1.37627
4.61622, 0.641141, -1.29576
4.74445, 0.641141, -1.24553
4.87267, 0.641141, -1.2363
5.0009, 0.641141, -1.26179
5.12913, 0.641141, -1.30126
5.25736, 0.641141, -1.32742
5.38559, 0.641141, -1.31439
5.51382, 0.641141, -1.23944
5.64204, 0.641141, -1.07733
5.77027, 0.641141, -0.796562
5.8985, 0.641141, -0.37833
6.02673, 0.641141, 0.131187
6.15496, 0.641141, 0.597992
6.28319, 0.641141, 1.09406
0, 0.76937, 0.107778
0.128228, 0.76937, 0.449422
0.256457, 0.76937, 0.727825
0.384685, 0.76937, 0.920939
0.512913, 0.76937, 1.02981
0.641141, 0.76937, 1.09406
0.76937, 0.76937, 1.13244
0.897598, 0.76937, 1.13266
1.02583, 0.76937, 1.07668
1.15405, 0.76937, 0.965322
1.28228, 0.76937, 0.823266
1.41051, 0.76937, 0.685584
1.53874, 0.76937, 0.577726
1.66697, 0.76937, 0.501255
1.7952, 0.76937, 0.432152
1.92342, 0.76937, 0.331351
2.05165, 0.76937, 0.16192
2.17988, 0.76937, -0.0946549
2.30811, 0.76937, -0.429381
2.43634, 0.76937, -0.806808
2.56457, 0.76937, -1.17527
2.69279, 0.76937, -1.48235
2.82102, 0.76937, -1.69002
2.94925, 0.76937, -1.78476
3.07748, 0.76937, -1.77955
3.20571, 0.76937, -1.70767
3.33394, 0.76937, -1.61097
3.46216, 0.76937, -1.52658
3.59039, 0.76937, -1.47662
3.71862, 0.76937, -1.46398
3.84685, 0.76937, -1.47529
3.97508, 0.76937, -1.48926
4.1033, 0.76937, -1.48692
4.23153, 0.76937, -1.45966
4.35976, 0.76937, -1.41149
4.48799, 0.76937, -1.35507
4.61622, 0.76937, -1.30341
4.74445, 0.76937, -1.26201
4.87267, 0.76937, -1.22636
5.0009, 0.76937, -1.18758
5.12913, 0.76937, -1.1438
5.25736, 0.76937, -1.10925
5.38559, 0.76937, -1.11008
5.51382, 0.76937, -1.16004
5.64204, 0.76937, -1.22458
5.77027, 0.76937, -1.20515
5.8985, 0.76937, -0.992433
6.02673, 0.76937, -0.605635
6.15496, 0.76937, -0.270396
6.28319, 0.76937, 0.167182
0, 0.897598, -0.584388
0.128228, 0.897598, -0.321987
0.256457, 0.897598, -0.0563534
0.384685, 0.897598, 0.18066
0.512913, 0.897598, 0.365342
0.641141, 0.897598, 0.51964
0.76937, 0.897598, 0.651149
0.897598, 0.897598, 0.74069
1.02583, 0.897598, 0.766611
1.15405, 0.897598, 0.728682
1.28228, 0.897598, 0.651865
1.41051, 0.897598, 0.571443
1.53874, 0.897598, 0.512063
1.66697, 0.897598, 0.473529
1.7952, 0.897598, 0.430046
1.92342, 0.897598, 0.342057
2.05165, 0.897598, 0.174387
2.17988, 0.897598, -0.0873693
2.30811, 0.897598, -0.428645
2.43634, 0.897598, -0.808536
2.56457, 0.897598, -1.17176
2.69279, 0.897598, -1.4653
2.82102, 0.897598, -1.65378
2.94925, 0.897598, -1.72858
3.07748, 0.897598, -1.70813
3.20571, 0.897598, -1.62967
3.33394, 0.897598, -1.53598
3.46216, 0.897598, -1.46157
3.59039, 0.897598, -1.42332
3.71862, 0.897598, -1.41826
3.84685, 0.897598, -1.42899
3.97508, 0.897598, -1.43408
4.1033, 0.897598, -1.41895
4.23153, 0.897598, -1.38252
4.35976, 0.897598, -1.33646
4.48799, 0.897598, -1.29716
4.61622, 0.897598, -1.27418
4.74445, 0.897598, -1.2616
4.87267, 0.897598, -1.23858
5.0009, 0.897598, -1.18179
5.12913, 0.897598, -1.08542
5.25736, 0.897598, -0.976971
5.38559, 0.897598, -0.91323
5.51382, 0.897598, -0.946433
5.64204, 0.897598, -1.0703
5.77027, 0.897598, -1.18627
5.8985, 0.897598, -1.15371
6.02673, 0.897598, -0.95395
6.15496, 0.897598, -0.80445
6.28319, 0.897598, -0.517196
0, 1.02583, -0.869611
0.128228, 1.02583, -0.728401
0.256457, 1.02583, -0.534463
0.384685, 1.02583, -0.348326
0.512913, 1.02583, -0.175208
0.641141, 1.02583, 0.00110366
0.76937, 1.02583, 0.171168
0.897598, 1.02583, 0.304648
1.02583, 1.02583, 0.378413
1.15405, 1.02583, 0.395216
1.28228, 1.02583, 0.381034
1.41051, 1.02583, 0.367132
1.53874, 1.02583, 0.370188
1.66697, 1.02583, 0.381624
1.7952, 1.02583, 0.370507
1.92342, 1.02583, 0.297443
2.05165, 1.02583, 0.132495
2.17988, 1.02583, -0.130533
2.30811, 1.02583, -0.468876
2.43634, 1.02583, -0.836156
2.56457, 1.02583, -1.1759
2.69279, 1.02583, -1.43823
2.82102, 1.02583, -1.59391
2.94925, 1.02583, -1.64133
3.07748, 1.02583, -1.60452
3.20571, 1.02583, -1.52331
3.33394, 1.02583, -1.43932
3.46216, 1.02583, -1.38271
3.59039, 1.02583, -1.36414
3.71862, 1.02583, -1.37439
3.84685, 1.02583, -1.39164
3.97508, 1.02583, -1.39306
4.1033, 1.02583, -1.36613
4.23153, 1.02583, -1.31476
4.35976, 1.02583, -1.2571
4.48799, 1.02583, -1.21554
4.61622, 1.02583, -1.20307
4.74445, 1.02583, -1.21282
4.87267, 1.02583, -1.21774
5.0009, 1.02583, -1.18352
5.12913, 1.02583, -1.09122
5.25736, 1.02583, -0.957875
5.38559, 1.02583, -0.838877
5.51382, 1.02583, -0.800374
5.64204, 1.02583, -0.867111
5.77027, 1.02583, -0.980553
5.8985, 1.02583, -1.02665
6.02673, 1.02583, -0.968885
6.15496, 1.02583, -0.958211
6.28319, 1.02583, -0.817619
0, 1.15405, -0.826303
0.128228, 1.15405, -0.794586
0.256457, 1.15405, -0.685012
0.384685, 1.15405, -0.602388
0.512913, 1.15405, -0.495098
0.641141, 1.15405, -0.343189
0.76937, 1.15405, -0.179164
0.897598, 1.15405, -0.0477329
1.02583, 1.15405, 0.0304816
1.15405, 1.15405, 0.0678991
1.28228, 1.15405, 0.0954287
1.41051, 1.15405, 0.139316
1.53874, 1.15405, 0.20366
1.66697, 1.15405, 0.266238
1.7952, 1.15405, 0.287625
1.92342, 1.15405, 0.228095
2.05165, 1.15405, 0.0646193
2.17988, 1.15405, -0.198572
2.30811, 1.15405, -0.529329
2.43634, 1.15405, -0.87641
2.56457, 1.15405, -1.18432
2.69279, 1.15405, -1.40894
2.82102, 1.15405, -1.52905
2.94925, 1.15405, -1.55024
3.07748, 1.15405, -1.50064
3.20571, 1.15405, -1.42012
3.33394, 1.15405, -1.34687
3.46216, 1.15405, -1.30579
3.59039, 1.15405, -1.30229
3.71862, 1.15405, -1.32343
3.84685, 1.15405, -1.34567
3.97508, 1.15405, -1.34622
4.1033, 1.15405, -1.31355
4.23153, 1.15405, -1.25288
4.35976, 1.15405, -1.18407
4.48799, 1.15405, -1.13211
4.61622, 1.15405, -1.11414
4.74445, 1.15405, -1.12861
4.87267, 1.15405, -1.15286
5.0009, 1.15405, -1.1523
5.12913, 1.15405, -1.09918
5.25736, 1.15405, -0.992393
5.38559, 1.15405, -0.865376
5.51382, 1.15405, -0.771506
5.64204, 1.15405, -0.748018
5.77027, 1.15405, -0.78049
5.8985, 1.15405, -0.809335
6.02673, 1.15405, -0.807747
6.15496, 1.15405, -0.854001
6.28319, 1.15405, -0.80381
0, 1.28228, -0.630572
0.128228, 1.28228, -0.666018
0.256457, 1.28228, -0.617207
0.384685, 1.28228, -0.636563
0.512913, 1.28228, -0.60139
0.641141, 1.28228, -0.486153
0.76937, 1.28228, -0.349156
0.897598, 1.28228, -0.249059
1.02583, 1.28228, -0.19953
1.15405, 1.28228, -0.172919
1.28228, 1.28228, -0.129591
1.41051, 1.28228, -0.0473652
1.53874, 1.28228, 0.0641004
1.66697, 1.28228, 0.167102
1.7952, 1.28228, 0.21245
1.92342, 1.28228, 0.159801
2.05165, 1.28228, -0.00658195
2.17988, 1.28228, -0.271732
2.30811, 1.28228, -0.594473
2.43634, 1.28228, -0.919912
2.56457, 1.28228, -1.19519
2.69279, 1.28228, -1.38341
2.82102, 1.28228, -1.47182
2.94925, 1.28228, -1.47237
3.07748, 1.28228, -1.41525
3.20571, 1.28228, -1.33794
3.33394, 1.28228, -1.27334
3.46216, 1.28228, -1.24067
3.59039, 1.28228, -1.24162
3.71862, 1.28228, -1.26268
3.84685, 1.28228, -1.28237
3.97508, 1.28228, -1.28082
4.1033, 1.28228, -1.24818
4.23153, 1.28228, -1.18877
4.35976, 1.28228, -1.11935
4.48799, 1.28228, -1.06189
4.61622, 1.28228, -1.03361
4.74445, 1.28228, -1.03819
4.87267, 1.28228, -1.06247
5.0009, 1.28228, -1.08105
5.12913, 1.28228, -1.06784
5.25736, 1.28228, -1.00983
5.38559, 1.28228, -0.915593
5.51382, 1.28228, -0.811836
5.64204, 1.28228, -0.72709
5.77027, 1.28228, -0.672365
5.8985, 1.28228, -0.638567
6.02673, 1.28228, -0.625034
6.15496, 1.28228, -0.662357
6.28319, 1.28228, -0.640618
0, 1.41051, -0.439986
0.128228, 1.41051, -0.495523
0.256457, 1.41051, -0.469928
0.384685, 1.41051, -0.552553
0.512913, 1.41051, -0.561407
0.641141, 1.41051, -0.470278
0.76937, 1.41051, -0.360787
0.897598, 1.41051, -0.300844
1.02583, 1.41051, -0.293605
1.15405, 1.41051, -0.294462
1.28228, 1.41051, -0.254348
1.41051, 1.41051, -0.154432
1.53874, 1.41051, -0.0168498
1.66697, 1.41051, 0.106992
1.7952, 1.41051, 0.159935
1.92342, 1.41051, 0.102278
2.05165, 1.41051, -0.074125
2.17988, 1.41051, -0.344286
2.30811, 1.41051, -0.659516
2.43634, 1.41051, -0.963088
2.56457, 1.41051, -1.20639
2.69279, 1.41051, -1.36065
2.82102, 1.41051, -1.42158
2.94925, 1.41051, -1.40654
3.07748, 1.41051, -1.34625
3.20571, 1.41051, -1.27411
3.33394, 1.41051, -1.21646
3.46216, 1.41051, -1.18656
3.59039, 1.41051, -1.18331
3.71862, 1.41051, -1.19468
3.84685, 1.41051, -1.20402
3.97508, 1.41051, -1.19706
4.1033, 1.41051, -1.16724
4.23153, 1.41051, -1.11774
4.35976, 1.41051, -1.05973
4.48799, 1.41051, -1.00774
4.61622, 1.41051, -0.973831
4.74445, 1.41051, -0.962822
4.87267, 1.41051, -0.970295
5.0009, 1.41051, -0.984128
5.12913, 1.41051, -0.988893
5.25736, 1.41051, -0.971294
5.38559, 1.41051, -0.924419
5.51382, 1.41051, -0.849285
5.64204, 1.41051, -0.753909
5.77027, 1.41051, -0.651977
5.8985, 1.41051, -0.563147
6.02673, 1.41051, -0.512153
6.15496, 1.41051, -0.510332
6.28319, 1.41051, -0.477417
0, 1.53874, -0.334355
0.128228, 1.53874, -0.37622
0.256457, 1.53874, -0.342945
0.384685, 1.53874, -0.440616
0.512913, 1.53874, -0.455554
0.641141, 1.53874, -0.368558
0.76937, 1.53874, -0.277439
0.897598, 1.53874, -0.251698
1.02583, 1.53874, -0.282041
1.15405, 1.53874, -0.309524
1.28228, 1.53874, -0.278976
1.41051, 1.53874, -0.175952
1.53874, 1.53874, -0.033009
1.66697, 1.53874, 0.0888799
1.7952, 1.53874, 0.129016
1.92342, 1.53874, 0.0514927
2.05165, 1.53874, -0.143116
2.17988, 1.53874, -0.420611
2.30811, 1.53874, -0.726824
2.43634, 1.53874, -1.00556
2.56457, 1.53874, -1.21439
2.69279, 1.53874, -1.33378
2.82102, 1.53874, -1.36808
2.94925, 1.53874, -1.33959
3.07748, 1.53874, -1.2787
3.20571, 1.53874, -1.21381
3.33394, 1.53874, -1.16397
3.46216, 1.53874, -1.13604
3.59039, 1.53874, -1.12611
3.71862, 1.53874, -1.1241
3.84685, 1.53874, -1.11912
3.97508, 1.53874, -1.10388
4.1033, 1.53874, -1.07658
4.23153, 1.53874, -1.0403
4.35976, 1.53874, -1.00066
4.48799, 1.53874, -0.963109
4.61622, 1.53874, -0.931248
4.74445, 1.53874, -0.906658
4.87267, 1.53874, -0.889797
5.0009, 1.53874, -0.880703
5.12913, 1.53874, -0.878257
5.25736, 1.53874, -0.877848
5.38559, 1.53874, -0.869112
5.51382, 1.53874, -0.837074
5.64204, 1.53874, -0.769527
5.77027, 1.53874, -0.669411
5.8985, 1.53874, -0.562907
6.02673, 1.53874, -0.48672
6.15496, 1.53874, -0.446077
6.28319, 1.53874, -0.391042
0, 1.66697, -0.314404
0.128228, 1.66697, -0.328896
0.256457, 1.66697, -0.274647
0.384685, 1.66697, -0.352068
0.512913, 1.66697, -0.345438
0.641141, 1.66697, -0.249098
0.76937, 1.66697, -0.167804
0.897598, 1.66697, -0.164448
1.02583, 1.66697, -0.216983
1.15405, 1.66697, -0.257664
1.28228, 1.66697, -0.231401
1.41051, 1.66697, -0.131018
1.53874, 1.66697, 0.00205857
1.66697, 1.66697, 0.102011
1.7952, 1.66697, 0.110177
1.92342, 1.66697, -0.00122197
2.05165, 1.66697, -0.220929
2.17988, 1.66697, -0.505966
2.30811, 1.66697, -0.798741
2.43634, 1.66697, -1.04622
2.56457, 1.66697, -1.21443
2.69279, 1.66697, -1.29451
2.82102, 1.66697, -1.29999
2.94925, 1.66697, -1.25799
3.07748, 1.66697, -1.19811
3.20571, 1.66697, -1.14319
3.33394, 1.66697, -1.10451
3.46216, 1.66697, -1.08199
3.59039, 1.66697, -1.06835
3.71862, 1.66697, -1.05485
3.84685, 1.66697, -1.03595
3.97508, 1.66697, -1.01131
4.1033, 1.66697, -0.984504
4.23153, 1.66697, -0.959747
4.35976, 1.66697, -0.938508
4.48799, 1.66697, -0.918107
4.61622, 1.66697, -0.893329
4.74445, 1.66697, -0.860407
4.87267, 1.66697, -0.821104
5.0009, 1.66697, -0.783898
5.12913, 1.66697, -0.760233
5.25736, 1.66697, -0.75651
5.38559, 1.66697, -0.766151
5.51382, 1.66697, -0.768458
5.64204, 1.66697, -0.739405
5.77027, 1.66697, -0.671426
5.8985, 1.66697, -0.586055
6.02673, 1.66697, -0.515097
6.15496, 1.66697, -0.450906
6.28319, 1.66697, -0.38362
0, 1.7952, -0.334778
0.128228, 1.7952, -0.325385
0.256457, 1.7952, -0.254638
0.384685, 1.7952, -0.298831
0.512913, 1.7952, -0.26171
0.641141, 1.7952, -0.154369
0.76937, 1.7952, -0.0800376
0.897598, 1.7952, -0.0885674
1.02583, 1.7952, -0.146121
1.15405, 1.7952, -0.182384
1.28228, 1.7952, -0.149089
1.41051, 1.7952, -0.0499179
1.53874, 1.7952, 0.0655462
1.66697, 1.7952, 0.13058
1.7952, 1.7952, 0.0936016
1.92342, 1.7952, -0.060909
2.05165, 1.7952, -0.308993
2.17988, 1.7952, -0.599131
2.30811, 1.7952, -0.872168
2.43634, 1.7952, -1.08071
2.56457, 1.7952, -1.20143
2.69279, 1.7952, -1.2375
2.82102, 1.7952, -1.21208
2.94925, 1.7952, -1.1568
3.07748, 1.7952, -1.09994
3.20571, 1.7952, -1.05825
3.33394, 1.7952, -1.03481
3.46216, 1.7952, -1.02229
3.59039, 1.7952, -1.00961
3.71862, 1.7952, -0.988694
3.84685, 1.7952, -0.958511
3.97508, 1.7952, -0.924856
4.1033, 1.7952, -0.896373
4.23153, 1.7952, -0.87893
4.35976, 1.7952, -0.871335
4.48799, 1.7952, -0.86488
4.61622, 1.7952, -0.847474
4.74445, 1.7952, -0.810739
4.87267, 1.7952, -0.756413
5.0009, 1.7952, -0.697873
5.12913, 1.7952, -0.654365
5.25736, 1.7952, -0.639505
5.38559, 1.7952, -0.650354
5.51382, 1.7952, -0.665922
5.64204, 1.7952, -0.660633
5.77027, 1.7952, -0.626805
5.8985, 1.7952, -0.583752
6.02673, 1.7952, -0.54636
6.15496, 1.7952, -0.474606
6.28319, 1.7952, -0.412996
0, 1.92342, -0.343886
0.128228, 1.92342, -0.323082
0.256457, 1.92342, -0.250901
0.384685, 1.92342, -0.26788
0.512913, 1.92342, -0.207338
0.641141, 1.92342, -0.0968103
0.76937, 1.92342, -0.0320564
0.897598, 1.92342, -0.0465053
1.02583, 1.92342, -0.0963972
1.15405, 1.92342, -0.114053
1.28228, 1.92342, -0.0632021
1.41051, 1.92342, 0.0389375
1.53874, 1.92342, 0.135084
1.66697, 1.92342, 0.160332
1.7952, 1.92342, 0.0735704
1.92342, 1.92342, -0.125884
2.05165, 1.92342, -0.400413
2.17988, 1.92342, -0.690648
2.30811, 1.92342, -0.937624
2.43634, 1.92342, -1.10156
2.56457, 1.92342, -1.17125
2.69279, 1.92342, -1.16242
2.82102, 1.92342, -1.10751
2.94925, 1.92342, -1.04178
3.07748, 1.92342, -0.99116
3.20571, 1.92342, -0.965711
3.33394, 1.92342, -0.960133
3.46216, 1.92342, -0.960071
3.59039, 1.92342, -0.950914
3.71862, 1.92342, -0.925261
3.84685, 1.92342, -0.886051
3.97508, 1.92342, -0.844312
4.1033, 1.92342, -0.812801
4.23153, 1.92342, -0.798662
4.35976, 1.92342, -0.798742
4.48799, 1.92342, -0.800251
4.61622, 1.92342, -0.786992
4.74445, 1.92342, -0.74853
4.87267, 1.92342, -0.687516
5.0009, 1.92342, -0.620358
5.12913, 1.92342, -0.569173
5.25736, 1.92342, -0.548106
5.38559, 1.92342, -0.552419
5.51382, 1.92342, -0.560418
5.64204, 1.92342, -0.552142
5.77027, 1.92342, -0.532871
5.8985, 1.92342, -0.530709
6.02673, 1.92342, -0.540527
6.15496, 1.92342, -0.470604
6.28319, 1.92342, -0.429819
0, 2.05165, -0.311475
0.128228, 2.05165, -0.291726
0.256457, 2.05165, -0.234378
0.384685, 2.05165, -0.238493
0.512913, 2.05165, -0.168809
0.641141, 2.05165, -0.0664224
0.76937, 2.05165, -0.0161351
0.897598, 2.05165, -0.0345272
1.02583, 2.05165, -0.0705926
1.15405, 2.05165, -0.0629848
1.28228, 2.05165, 0.00998081
1.41051, 2.05165, 0.117049
1.53874, 2.05165, 0.194532
1.66697, 2.05165, 0.181344
1.7952, 2.05165, 0.0483671
1.92342, 2.05165, -0.189942
2.05165, 2.05165, -0.483331
2.17988, 2.05165, -0.766457
2.30811, 2.05165, -0.9825
2.43634, 2.05165, -1.10058
2.56457, 2.05165, -1.12177
2.69279, 2.05165, -1.07344
2.82102, 2.05165, -0.995623
2.94925, 2.05165, -0.925422
3.07748, 2.05165, -0.885097
3.20571, 2.05165, -0.877485
3.33394, 2.05165, -0.889348
3.46216, 2.05165, -0.900348
3.59039, 2.05165, -0.893505
3.71862, 2.05165, -0.862838
3.84685, 2.05165, -0.815247
3.97508, 2.05165, -0.7662
4.1033, 2.05165, -0.731374
4.23153, 2.05165, -0.718203
4.35976, 2.05165, -0.721487
4.48799, 2.05165, -0.725549
4.61622, 2.05165, -0.712439
4.74445, 2.05165, -0.672409
4.87267, 2.05165, -0.610899
5.0009, 2.05165, -0.547025
5.12913, 2.05165, -0.502492
5.25736, 2.05165, -0.486186
5.38559, 2.05165, -0.485265
5.51382, 2.05165, -0.473697
5.64204, 2.05165, -0.439204
5.77027, 2.05165, -0.408523
5.8985, 2.05165, -0.429605
6.02673, 2.05165, -0.482505
6.15496, 2.05165, -0.416814
6.28319, 2.05165, -0.403375
0, 2.17988, -0.2369
0.128228, 2.17988, -0.224312
0.256457, 2.17988, -0.19196
0.384685, 2.17988, -0.194628
0.512913, 2.17988, -0.128378
0.641141, 2.17988, -0.0436047
0.76937, 2.17988, -0.0115051
0.897598, 2.17988, -0.0332186
1.02583, 2.17988, -0.0541411
1.15405, 2.17988, -0.0221444
1.28228, 2.17988, 0.0695423
1.41051, 2.17988, 0.177743
1.53874, 2.17988, 0.235447
1.66697, 2.17988, 0.187665
1.7952, 2.17988, 0.0175547
1.92342, 2.17988, -0.24719
2.05165, 2.17988, -0.547012
2.17988, 2.17988, -0.814093
2.30811, 2.17988, -0.996196
2.43634, 2.17988, -1.07196
2.56457, 2.17988, -1.05347
2.69279, 2.17988, -0.977053
2.82102, 2.17988, -0.88723
2.94925, 2.17988, -0.820362
3.07748, 2.17988, -0.793697
3.20571, 2.17988, -0.802993
3.33394, 2.17988, -0.82843
3.46216, 2.17988, -0.845642
3.59039, 2.17988, -0.837094
3.71862, 2.17988, -0.799273
3.84685, 2.17988, -0.74306
3.97508, 2.17988, -0.687492
4.1033, 2.17988, -0.64989
4.23153, 2.17988, -0.636949
4.35976, 2.17988, -0.641152
4.48799, 2.17988, -0.64465
4.61622, 2.17988, -0.629217
4.74445, 2.17988, -0.587454
4.87267, 2.17988, -0.528728
5.0009, 2.17988, -0.474875
5.12913, 2.17988, -0.445881
5.25736, 2.17988, -0.442969
5.38559, 2.17988, -0.442231
5.51382, 2.17988, -0.41042
5.64204, 2.17988, -0.34082
5.77027, 2.17988, -0.281315
5.8985, 2.17988, -0.303222
6.02673, 2.17988, -0.381451
6.15496, 2.17988, -0.318827
6.28319, 2.17988, -0.329753
0, 2.30811, -0.141168
0.128228, 2.30811, -0.133365
0.256457, 2.30811, -0.127066
0.384685, 2.30811, -0.129938
0.512913, 2.30811, -0.0730038
0.641141, 2.30811, -0.0110307
0.76937, 2.30811, 0.0021959
0.897598, 2.30811, -0.0208135
1.02583, 2.30811, -0.0266739
1.15405, 2.30811, 0.0242258
1.28228, 2.30811, 0.124493
1.41051, 2.30811, 0.223289
1.53874, 2.30811, 0.255519
1.66697, 2.30811, 0.175715
1.7952, 2.30811, -0.0206898
1.92342, 2.30811, -0.296116
2.05165, 2.30811, -0.586938
2.17988, 2.30811, -0.827908
2.30811, 2.30811, -0.974416
2.43634, 2.30811, -1.01477
2.56457, 2.30811, -0.969483
2.69279, 2.30811, -0.879715
2.82102, 2.30811, -0.790261
2.94925, 2.30811, -0.733802
3.07748, 2.30811, -0.721706
3.20571, 2.30811, -0.743812
3.33394, 2.30811, -0.776205
3.46216, 2.30811, -0.793238
3.59039, 2.30811, -0.778809
3.71862, 2.30811, -0.732526
3.84685, 2.30811, -0.668582
3.97508, 2.30811, -0.608154
4.1033, 2.30811, -0.568824
4.23153, 2.30811, -0.555895
4.35976, 2.30811, -0.559856
4.48799, 2.30811, -0.561651
4.61622, 2.30811, -0.54369
4.74445, 2.30811, -0.501114
4.87267, 2.30811, -0.446513
5.0009, 2.30811, -0.403457
5.12913, 2.30811, -0.390024
5.25736, 2.30811, -0.401194
5.38559, 2.30811, -0.404454
5.51382, 2.30811, -0.360346
5.64204, 2.30811, -0.263935
5.77027, 2.30811, -0.175062
5.8985, 2.30811, -0.180886
6.02673, 2.30811, -0.260554
6.15496, 2.30811, -0.200036
6.28319, 2.30811, -0.22535
0, 2.43634, -0.0512167
0.128228, 2.43634, -0.0392758
0.256457, 2.43634, -0.0522108
0.384685, 2.43634, -0.0467735
0.512913, 2.43634, 0.0016631
0.641141, 2.43634, 0.0393319
0.76937, 2.43634, 0.0359624
0.897598, 2.43634, 0.0165281
1.02583, 2.43634, 0.0272724
1.15405, 2.43634, 0.0907371
1.28228, 2.43634, 0.185946
1.41051, 2.43634, 0.259749
1.53874, 2.43634, 0.255867
1.66697, 2.43634, 0.143152
1.7952, 2.43634, -0.0702055
1.92342, 2.43634, -0.340537
2.05165, 2.43634, -0.606349
2.17988, 2.43634, -0.81091
2.30811, 2.43634, -0.920674
2.43634, 2.43634, -0.933473
2.56457, 2.43634, -0.874982
2.69279, 2.43634, -0.786234
2.82102, 2.43634, -0.707654
2.94925, 2.43634, -0.665526
3.07748, 2.43634, -0.66527
3.20571, 2.43634, -0.693085
3.33394, 2.43634, -0.724433
3.46216, 2.43634, -0.735578
3.59039, 2.43634, -0.713555
3.71862, 2.43634, -0.660832
3.84685, 2.43634, -0.593078
3.97508, 2.43634, -0.531262
4.1033, 2.43634, -0.491589
4.23153, 2.43634, -0.477845
4.35976, 2.43634, -0.479856
4.48799, 2.43634, -0.479218
4.61622, 2.43634, -0.459994
4.74445, 2.43634, -0.41902
4.87267, 2.43634, -0.369535
5.0009, 2.43634, -0.334153
5.12913, 2.43634, -0.328748
5.25736, 2.43634, -0.345982
5.38559, 2.43634, -0.351961
5.51382, 2.43634, -0.306738
5.64204, 2.43634, -0.204342
5.77027, 2.43634, -0.101956
5.8985, 2.43634, -0.0855764
6.02673, 2.43634, -0.144076
6.15496, 2.43634, -0.0868304
6.28319, 2.43634, -0.11346
0, 2.56457, 0.0146741
0.128228, 2.56457, 0.0416579
0.256457, 2.56457, 0.0203686
0.384685, 2.56457, 0.047789
0.512913, 2.56457, 0.0916766
0.641141, 2.56457, 0.105148
0.76937, 2.56457, 0.0891678
0.897598, 2.56457, 0.0806271
1.02583, 2.56457, 0.112138
1.15405, 2.56457, 0.183592
1.28228, 2.56457, 0.260292
1.41051, 2.56457, 0.292048
1.53874, 2.56457, 0.238759
1.66697, 2.56457, 0.0890651
1.7952, 2.56457, -0.134994
1.92342, 2.56457, -0.387061
2.05165, 2.56457, -0.613753
2.17988, 2.56457, -0.772661
2.30811, 2.56457, -0.844583
2.43634, 2.56457, -0.836587
2.56457, 2.56457, -0.776117
2.69279, 2.56457, -0.699259
2.82102, 2.56457, -0.637823
2.94925, 2.56457, -0.609654
3.07748, 2.56457, -0.615005
3.20571, 2.56457, -0.639494
3.33394, 2.56457, -0.661907
3.46216, 2.56457, -0.663582
3.59039, 2.56457, -0.635833
3.71862, 2.56457, -0.582753
3.84685, 2.56457, -0.518578
3.97508, 2.56457, -0.460888
4.1033, 2.56457, -0.422588
4.23153, 2.56457, -0.406172
4.35976, 2.56457, -0.40298
4.48799, 2.56457, -0.398087
4.61622, 2.56457, -0.378813
4.74445, 2.56457, -0.342681
4.87267, 2.56457, -0.30005
5.0009, 2.56457, -0.268539
5.12913, 2.56457, -0.260583
5.25736, 2.56457, -0.270768
5.38559, 2.56457, -0.273041
5.51382, 2.56457, -0.23578
5.64204, 2.56457, -0.151684
5.77027, 2.56457, -0.0604631
5.8985, 2.56457, -0.0260789
6.02673, 2.56457, -0.0473943
6.15496, 2.56457, 0.00362387
6.28319, 2.56457, -0.011936
0, 2.69279, 0.0543615
0.128228, 2.69279, 0.104115
0.256457, 2.69279, 0.08516
0.384685, 2.69279, 0.145949
0.512913, 2.69279, 0.187927
0.641141, 2.69279, 0.177338
0.76937, 2.69279, 0.153176
0.897598, 2.69279, 0.1634
1.02583, 2.69279, 0.220953
1.15405, 2.69279, 0.297934
1.28228, 2.69279, 0.345575
1.41051, 2.69279, 0.321002
1.53874, 2.69279, 0.206511
1.66697, 2.69279, 0.0152159
1.7952, 2.69279, -0.215928
1.92342, 2.69279, -0.440485
2.05165, 2.69279, -0.617883
2.17988, 2.69279, -0.724519
2.30811, 2.69279, -0.757911
2.43634, 2.69279, -0.733857
2.56457, 2.69279, -0.678665
2.69279, 2.69279, -0.619618
2.82102, 2.69279, -0.576816
2.94925, 2.69279, -0.558597
3.07748, 2.69279, -0.561399
3.20571, 2.69279, -0.573415
3.33394, 2.69279, -0.580377
3.46216, 2.69279, -0.571305
3.59039, 2.69279, -0.542318
3.71862, 2.69279, -0.497389
3.84685, 2.69279, -0.446053
3.97508, 2.69279, -0.399131
4.1033, 2.69279, -0.364221
4.23153, 2.69279, -0.342778
4.35976, 2.69279, -0.329992
4.48799, 2.69279, -0.317563
4.61622, 2.69279, -0.298197
4.74445, 2.69279, -0.269704
4.87267, 2.69279, -0.23646
5.0009, 2.69279, -0.206932
5.12913, 2.69279, -0.187947
5.25736, 2.69279, -0.178633
5.38559, 2.69279, -0.168452
5.51382, 2.69279, -0.142815
5.64204, 2.69279, -0.0953211
5.77027, 2.69279, -0.0381609
5.8985, 2.69279, 0.00421395
6.02673, 2.69279, 0.0269337
6.15496, 2.69279, 0.0686576
6.28319, 2.69279, 0.073062
0, 2.82102, 0.0806253
0.128228, 2.82102, 0.153831
0.256457, 2.82102, 0.144771
0.384685, 2.82102, 0.241535
0.512913, 2.82102, 0.280111
0.641141, 2.82102, 0.245818
0.76937, 2.82102, 0.217935
0.897598, 2.82102, 0.252829
1.02583, 2.82102, 0.33949
1.15405, 2.82102, 0.419803
1.28228, 2.82102, 0.431728
1.41051, 2.82102, 0.342877
1.53874, 2.82102, 0.161499
1.66697, 2.82102, -0.0726784
1.7952, 2.82102, -0.307871
1.92342, 2.82102, -0.499541
2.05165, 2.82102, -0.622646
2.17988, 2.82102, -0.674562
2.30811, 2.82102, -0.670244
2.43634, 2.82102, -0.633275
2.56457, 2.82102, -0.586756
2.69279, 2.82102, -0.546915
2.82102, 2.82102, -0.520689
2.94925, 2.82102, -0.506899
3.07748, 2.82102, -0.499636
3.20571, 2.82102, -0.492079
3.33394, 2.82102, -0.479355
3.46216, 2.82102, -0.459714
3.59039, 2.82102, -0.434111
3.71862, 2.82102, -0.404882
3.84685, 2.82102, -0.374338
3.97508, 2.82102, -0.343983
4.1033, 2.82102, -0.314515
4.23153, 2.82102, -0.286357
4.35976, 2.82102, -0.260116
4.48799, 2.82102, -0.236496
4.61622, 2.82102, -0.215572
4.74445, 2.82102, -0.195918
4.87267, 2.82102, -0.174466
5.0009, 2.82102, -0.147821
5.12913, 2.82102, -0.114913
5.25736, 2.82102, -0.0794712
5.38559, 2.82102, -0.0497777
5.51382, 2.82102, -0.0334929
5.64204, 2.82102, -0.0285934
5.77027, 2.82102, -0.0175094
5.8985, 2.82102, 0.022752
6.02673, 2.82102, 0.0870363
6.15496, 2.82102, 0.117933
6.28319, 2.82102, 0.146164
0, 2.94925, 0.113486
0.128228, 2.94925, 0.202474
0.256457, 2.94925, 0.206873
0.384685, 2.94925, 0.330467
0.512913, 2.94925, 0.360097
0.641141, 2.94925, 0.304638
0.76937, 2.94925, 0.278088
0.897598, 2.94925, 0.339423
1.02583, 2.94925, 0.452365
1.15405, 2.94925, 0.531114
1.28228, 2.94925, 0.503923
1.41051, 2.94925, 0.351078
1.53874, 2.94925, 0.106698
1.66697, 2.94925, -0.164718
1.7952, 2.94925, -0.398964
1.92342, 2.94925, -0.555208
2.05165, 2.94925, -0.624501
2.17988, 2.94925, -0.624499
2.30811, 2.94925, -0.586096
2.43634, 2.94925, -0.539039
2.56457, 2.94925, -0.502051
2.69279, 2.94925, -0.479921
2.82102, 2.94925, -0.466827
2.94925, 2.94925, -0.453036
3.07748, 2.94925, -0.431441
3.20571, 2.94925, -0.401202
3.33394, 2.94925, -0.367438
3.46216, 2.94925, -0.337742
3.59039, 2.94925, -0.317589
3.71862, 2.94925, -0.307051
3.84685, 2.94925, -0.300468
3.97508, 2.94925, -0.289292
4.1033, 2.94925, -0.266757
4.23153, 2.94925, -0.231964
4.35976, 2.94925, -0.19103
4.48799, 2.94925, -0.154179
4.61622, 2.94925, -0.129738
4.74445, 2.94925, -0.118056
4.87267, 2.94925, -0.109352
5.0009, 2.94925, -0.088311
5.12913, 2.94925, -0.0447607
5.25736, 2.94925, 0.0151362
5.38559, 2.94925, 0.0664433
5.51382, 2.94925, 0.0796854
5.64204, 2.94925, 0.0496375
5.77027, 2.94925, 0.0177925
5.8985, 2.94925, 0.0500921
6.02673, 2.94925, 0.145738
6.15496, 2.94925, 0.166421
6.28319, 2.94925, 0.216982
0, 3.07748, 0.170424
0.128228, 3.07748, 0.260763
0.256457, 3.07748, 0.279089
0.384685, 3.07748, 0.410098
0.512913, 3.07748, 0.423895
0.641141, 3.07748, 0.354564
0.76937, 3.07748, 0.335925
0.897598, 3.07748, 0.420233
1.02583, 3.07748, 0.548322
1.15405, 3.07748, 0.615419
1.28228, 3.07748, 0.547418
1.41051, 3.07748, 0.338929
1.53874, 3.07748, 0.0460635
1.66697, 3.07748, -0.248288
1.7952, 3.07748, -0.472866
1.92342, 3.07748, -0.592693
2.05165, 3.07748, -0.613568
2.17988, 3.07748, -0.569875
2.30811, 3.07748, -0.504621
2.43634, 3.07748, -0.451236
2.56457, 3.07748, -0.423668
2.69279, 3.07748, -0.416641
2.82102, 3.07748, -0.413744
2.94925, 3.07748, -0.398481
3.07748, 3.07748, -0.363171
3.20571, 3.07748, -0.312262
3.33394, 3.07748, -0.259352
3.46216, 3.07748, -0.219894
3.59039, 3.07748, -0.203244
3.71862, 3.07748, -0.207768
3.84685, 3.07748, -0.221329
3.97508, 3.07748, -0.227011
4.1033, 3.07748, -0.211535
4.23153, 3.07748, -0.172329
4.35976, 3.07748, -0.119466
4.48799, 3.07748, -0.070786
4.61622, 3.07748, -0.0418478
4.74445, 3.07748, -0.0356048
4.87267, 3.07748, -0.0381609
5.0009, 3.07748, -0.0252032
5.12913, 3.07748, 0.021668
5.25736, 3.07748, 0.09698
5.38559, 3.07748, 0.165843
5.51382, 3.07748, 0.183224
5.64204, 3.07748, 0.135945
5.77027, 3.07748, 0.0778306
5.8985, 3.07748, 0.102099
6.02673, 3.07748, 0.213866
6.15496, 3.07748, 0.226477
6.28319, 3.07748, 0.293246
0, 3.20571, 0.258907
0.128228, 3.20571, 0.333342
0.256457, 3.20571, 0.36463
0.384685, 3.20571, 0.478557
0.512913, 3.20571, 0.472147
0.641141, 3.20571, 0.402433
0.76937, 3.20571, 0.400123
0.897598, 3.20571, 0.498905
1.02583, 3.20571, 0.622771
1.15405, 3.20571, 0.662358
1.28228, 3.20571, 0.552106
1.41051, 3.20571, 0.302393
1.53874, 3.20571, -0.0156571
1.66697, 3.20571, -0.311026
1.7952, 3.20571, -0.513462
1.92342, 3.20571, -0.59654
2.05165, 3.20571, -0.578097
2.17988, 3.20571, -0.503435
2.30811, 3.20571, -0.421898
2.43634, 3.20571, -0.367325
2.56457, 3.20571, -0.348992
2.69279, 3.20571, -0.354303
2.82102, 3.20571, -0.359836
2.94925, 3.20571, -0.344826
3.07748, 3.20571, -0.301224
3.20571, 3.20571, -0.236648
3.33394, 3.20571, -0.169814
3.46216, 3.20571, -0.121096
3.59039, 3.20571, -0.102663
3.71862, 3.20571, -0.112627
3.84685, 3.20571, -0.135805
3.97508, 3.20571, -0.150834
4.1033, 3.20571, -0.140517
4.23153, 3.20571, -0.100587
4.35976, 3.20571, -0.0423638
4.48799, 3.20571, 0.0127345
4.61622, 3.20571, 0.0450077
4.74445, 3.20571, 0.0489895
4.87267, 3.20571, 0.0392388
5.0009, 3.20571, 0.0438714
5.12913, 3.20571, 0.0863094
5.25736, 3.20571, 0.164254
5.38559, 3.20571, 0.241662
5.51382, 3.20571, 0.268158
5.64204, 3.20571, 0.224715
5.77027, 3.20571, 0.164083
5.8985, 3.20571, 0.184727
6.02673, 3.20571, 0.295645
6.15496, 3.20571, 0.302568
6.28319, 3.20571, 0.376372
0, 3.33394, 0.374011
0.128228, 3.33394, 0.417485
0.256457, 3.33394, 0.460629
0.384685, 3.33394, 0.534825
0.512913, 3.33394, 0.509444
0.641141, 3.33394, 0.45793
0.76937, 3.33394, 0.481111
0.897598, 3.33394, 0.582138
1.02583, 3.33394, 0.67703
1.15405, 3.33394, 0.669529
1.28228, 3.33394, 0.515345
1.41051, 3.33394, 0.241809
1.53874, 3.33394, -0.0736797
1.66697, 3.33394, -0.344326
1.7952, 3.33394, -0.510378
1.92342, 3.33394, -0.556944
2.05165, 3.33394, -0.510453
2.17988, 3.33394, -0.420093
2.30811, 3.33394, -0.334692
2.43634, 3.33394, -0.284739
2.56457, 3.33394, -0.275198
2.69279, 3.33394, -0.289673
2.82102, 3.33394, -0.302198
2.94925, 3.33394, -0.290789
3.07748, 3.33394, -0.24718
3.20571, 3.33394, -0.179366
3.33394, 3.33394, -0.106771
3.46216, 3.33394, -0.0507101
3.59039, 3.33394, -0.0245346
3.71862, 3.33394, -0.0276913
3.84685, 3.33394, -0.0462367
3.97508, 3.33394, -0.0595622
4.1033, 3.33394, -0.0503771
4.23153, 3.33394, -0.013373
4.35976, 3.33394, 0.0417656
4.48799, 3.33394, 0.0950849
4.61622, 3.33394, 0.127285
4.74445, 3.33394, 0.13172
4.87267, 3.33394, 0.120567
5.0009, 3.33394, 0.119796
5.12913, 3.33394, 0.15297
5.25736, 3.33394, 0.221649
5.38559, 3.33394, 0.296573
5.51382, 3.33394, 0.333075
5.64204, 3.33394, 0.310667
5.77027, 3.33394, 0.269925
5.8985, 3.33394, 0.292828
6.02673, 3.33394, 0.387665
6.15496, 3.33394, 0.390487
6.28319, 3.33394, 0.461259
0, 3.46216, 0.501455
0.128228, 3.46216, 0.50571
0.256457, 3.46216, 0.559625
0.384685, 3.46216, 0.579609
0.512913, 3.46216, 0.542947
0.641141, 3.46216, 0.529312
0.76937, 3.46216, 0.58519
0.897598, 3.46216, 0.67438
1.02583, 3.46216, 0.715153
1.15405, 3.46216, 0.641626
1.28228, 3.46216, 0.442427
1.41051, 3.46216, 0.16224
1.53874, 3.46216, -0.124103
1.66697, 3.46216, -0.345991
1.7952, 3.46216, -0.4631
1.92342, 3.46216, -0.474634
2.05165, 3.46216, -0.411989
2.17988, 3.46216, -0.32122
2.30811, 3.46216, -0.243885
2.43634, 3.46216, -0.203452
2.56457, 3.46216, -0.201013
2.69279, 3.46216, -0.22001
2.82102, 3.46216, -0.236624
2.94925, 3.46216, -0.231052
3.07748, 3.46216, -0.195359
3.20571, 3.46216, -0.13543
3.33394, 3.46216, -0.067029
3.46216, 3.46216, -0.00815449
3.59039, 3.46216, 0.0289096
3.71862, 3.46216, 0.0425397
3.84685, 3.46216, 0.041773
3.97508, 3.46216, 0.0414874
4.1033, 3.46216, 0.0549365
4.23153, 3.46216, 0.0870488
4.35976, 3.46216, 0.131764
4.48799, 3.46216, 0.175064
4.61622, 3.46216, 0.202733
4.74445, 3.46216, 0.209233
4.87267, 3.46216, 0.202694
5.0009, 3.46216, 0.202006
5.12913, 3.46216, 0.225696
5.25736, 3.46216, 0.277809
5.38559, 3.46216, 0.340605
5.51382, 3.46216, 0.383742
5.64204, 3.46216, 0.390535
5.77027, 3.46216, 0.383537
5.8985, 3.46216, 0.412959
6.02673, 3.46216, 0.481309
6.15496, 3.46216, 0.480742
6.28319, 3.46216, 0.539852
0, 3.59039, 0.624129
0.128228, 3.59039, 0.5905
0.256457, 3.59039, 0.653145
0.384685, 3.59039, 0.61639
0.512913, 3.59039, 0.580779
0.641141, 3.59039, 0.619864
0.76937, 3.59039, 0.710055
0.897598, 3.59039, 0.773329
1.02583, 3.59039, 0.740089
1.15405, 3.59039, 0.587639
1.28228, 3.59039, 0.344834
1.41051, 3.59039, 0.0725358
1.53874, 3.59039, -0.164476
1.66697, 3.59039, -0.32082
1.7952, 3.59039, -0.381841
1.92342, 3.59039, -0.362065
2.05165, 3.59039, -0.294444
2.17988, 3.59039, -0.216083
2.30811, 3.59039, -0.155834
2.43634, 3.59039, -0.127258
2.56457, 3.59039, -0.128016
2.69279, 3.59039, -0.144521
2.82102, 3.59039, -0.159289
2.94925, 3.59039, -0.158076
3.07748, 3.59039, -0.134494
3.20571, 3.59039, -0.0910075
3.33394, 3.59039, -0.036553
3.46216, 3.59039, 0.0178393
3.59039, 3.59039, 0.0635532
3.71862, 3.59039, 0.0973011
3.84685, 3.59039, 0.121474
3.97508, 3.59039, 0.142011
4.1033, 3.59039, 0.164868
4.23153, 3.59039, 0.192737
4.35976, 3.59039, 0.223577
4.48799, 3.59039, 0.251769
4.61622, 3.59039, 0.271488
4.74445, 3.59039, 0.28069
4.87267, 3.59039, 0.283485
5.0009, 3.59039, 0.28909
5.12913, 3.59039, 0.307126
5.25736, 3.59039, 0.341413
5.38559, 3.59039, 0.386347
5.51382, 3.59039, 0.429904
5.64204, 3.59039, 0.463577
5.77027, 3.59039, 0.492136
5.8985, 3.59039, 0.528863
6.02673, 3.59039, 0.567154
6.15496, 3.59039, 0.564029
6.28319, 3.59039, 0.606257
0, 3.71862, 0.728987
0.128228, 3.71862, 0.668531
0.256457, 3.71862, 0.735474
0.384685, 3.71862, 0.651753
0.512913, 3.71862, 0.630434
0.641141, 3.71862, 0.726433
0.76937, 3.71862, 0.843729
0.897598, 3.71862, 0.868406
1.02583, 3.71862, 0.751074
1.15405, 3.71862, 0.517463
1.28228, 3.71862, 0.237111
1.41051, 3.71862, -0.0164525
1.53874, 3.71862, -0.193641
1.66697, 3.71862, -0.278649
1.7952, 3.71862, -0.284427
1.92342, 3.71862, -0.239963
2.05165, 3.71862, -0.176804
2.17988, 3.71862, -0.11937
2.30811, 3.71862, -0.0806873
2.43634, 3.71862, -0.0629122
2.56457, 3.71862, -0.0607514
2.69279, 3.71862, -0.0657083
2.82102, 3.71862, -0.0695831
2.94925, 3.71862, -0.0664796
3.07748, 3.71862, -0.053337
3.20571, 3.71862, -0.0294902
3.33394, 3.71862, 0.0041081
3.46216, 3.71862, 0.045526
3.59039, 3.71862, 0.0921768
3.71862, 3.71862, 0.140939
3.84685, 3.71862, 0.188324
3.97508, 3.71862, 0.230905
4.1033, 3.71862, 0.266015
4.23153, 3.71862, 0.2925
4.35976, 3.71862, 0.311154
4.48799, 3.71862, 0.324516
4.61622, 3.71862, 0.335945
4.74445, 3.71862, 0.34831
4.87267, 3.71862, 0.362938
5.0009, 3.71862, 0.379542
5.12913, 3.71862, 0.397443
5.25736, 3.71862, 0.417551
5.38559, 3.71862, 0.443626
5.51382, 3.71862, 0.48089
5.64204, 3.71862, 0.531087
5.77027, 3.71862, 0.586192
5.8985, 3.71862, 0.627521
6.02673, 3.71862, 0.639302
6.15496, 3.71862, 0.636027
6.28319, 3.71862, 0.660609
0, 3.84685, 0.811283
0.128228, 3.84685, 0.742173
0.256457, 3.84685, 0.805744
0.384685, 3.84685, 0.694316
0.512913, 3.84685, 0.697388
0.641141, 3.84685, 0.840516
0.76937, 3.84685, 0.967575
0.897598, 3.84685, 0.94315
1.02583, 3.84685, 0.743482
1.15405, 3.84685, 0.439249
1.28228, 3.84685, 0.133418
1.41051, 3.84685, -0.0939136
1.53874, 3.84685, -0.210899
1.66697, 3.84685, -0.230391
1.7952, 3.84685, -0.190054
1.92342, 3.84685, -0.130145
2.05165, 3.84685, -0.0784214
2.17988, 3.84685, -0.0453773
2.30811, 3.84685, -0.027929
2.43634, 3.84685, -0.0171027
2.56457, 3.84685, -0.00521267
2.69279, 3.84685, 0.0103565
2.82102, 3.84685, 0.0274084
2.94925, 3.84685, 0.0419931
3.07748, 3.84685, 0.0520756
3.20571, 3.84685, 0.0597627
3.33394, 3.84685, 0.0709993
3.46216, 3.84685, 0.0929425
3.59039, 3.84685, 0.130319
3.71862, 3.84685, 0.182548
3.84685, 3.84685, 0.243089
3.97508, 3.84685, 0.301543
4.1033, 3.84685, 0.347752
4.23153, 3.84685, 0.376172
4.35976, 3.84685, 0.388438
4.48799, 3.84685, 0.392669
4.61622, 3.84685, 0.399457
4.74445, 3.84685, 0.416234
4.87267, 3.84685, 0.442982
5.0009, 3.84685, 0.472203
5.12913, 3.84685, 0.49426
5.25736, 3.84685, 0.505838
5.38559, 3.84685, 0.515848
5.51382, 3.84685, 0.541996
5.64204, 3.84685, 0.595492
5.77027, 3.84685, 0.662355
5.8985, 3.84685, 0.703613
6.02673, 3.84685, 0.697781
6.15496, 3.84685, 0.699229
6.28319, 3.84685, 0.709562
0, 3.97508, 0.874584
0.128228, 3.97508, 0.817458
0.256457, 3.97508, 0.867405
0.384685, 3.97508, 0.752245
0.512913, 3.97508, 0.783974
0.641141, 3.97508, 0.951304
0.76937, 3.97508, 1.06233
0.897598, 3.97508, 0.980787
1.02583, 3.97508, 0.71121
1.15405, 3.97508, 0.358298
1.28228, 3.97508, 0.0447748
1.41051, 3.97508, -0.150917
1.53874, 3.97508, -0.214994
1.66697, 3.97508, -0.183616
1.7952, 3.97508, -0.112223
1.92342, 3.97508, -0.0472592
2.05165, 3.97508, -0.0109654
2.17988, 3.97508, -0.00107332
2.30811, 3.97508, -0.000836991
2.43634, 3.97508, 0.00778993
2.56457, 3.97508, 0.034177
2.69279, 3.97508, 0.0756451
2.82102, 3.97508, 0.12065
2.94925, 3.97508, 0.15583
3.07748, 3.97508, 0.173152
3.20571, 3.97508, 0.173919
3.33394, 3.97508, 0.168126
3.46216, 3.97508, 0.169766
3.59039, 3.97508, 0.19032
3.71862, 3.97508, 0.2334
3.84685, 3.97508, 0.29293
3.97508, 3.97508, 0.355725
4.1033, 3.97508, 0.407434
4.23153, 3.97508, 0.439202
4.35976, 3.97508, 0.451913
4.48799, 3.97508, 0.455704
4.61622, 3.97508, 0.464543
4.74445, 3.97508, 0.488215
4.87267, 3.97508, 0.525961
5.0009, 3.97508, 0.566097
5.12913, 3.97508, 0.593344
5.25736, 3.97508, 0.600915
5.38559, 3.97508, 0.599437
5.51382, 3.97508, 0.613134
5.64204, 3.97508, 0.659537
5.77027, 3.97508, 0.724195
5.8985, 3.97508, 0.760874
6.02673, 3.97508, 0.748166
6.15496, 3.97508, 0.761056
6.28319, 3.97508, 0.763037
0, 4.1033, 0.926979
0.128228, 4.1033, 0.899562
0.256457, 4.1033, 0.925467
0.384685, 4.1033, 0.830157
0.512913, 4.1033, 0.888672
0.641141, 4.1033, 1.04933
0.76937, 4.1033, 1.11477
0.897598, 4.1033, 0.970746
1.02583, 4.1033, 0.650461
1.15405, 4.1033, 0.277546
1.28228, 4.1033, -0.0224534
1.41051, 4.1033, -0.181813
1.53874, 4.1033, -0.203694
1.66697, 4.1033, -0.139686
1.7952, 4.1033, -0.0538882
1.92342, 4.1033, 0.00698359
2.05165, 4.1033, 0.027194
2.17988, 4.1033, 0.0187709
2.30811, 4.1033, 0.00760751
2.43634, 4.1033, 0.0173587
2.56457, 4.1033, 0.0581865
2.69279, 4.1033, 0.123822
2.82102, 4.1033, 0.196441
2.94925, 4.1033, 0.255933
3.07748, 4.1033, 0.289044
3.20571, 4.1033, 0.294622
3.33394, 4.1033, 0.283211
3.46216, 4.1033, 0.271698
3.59039, 4.1033, 0.275622
3.71862, 4.1033, 0.302539
3.84685, 4.1033, 0.349255
3.97508, 4.1033, 0.404016
4.1033, 4.1033, 0.452609
4.23153, 4.1033, 0.485531
4.35976, 4.1033, 0.502791
4.48799, 4.1033, 0.513742
4.61622, 4.1033, 0.531634
4.74445, 4.1033, 0.5653
4.87267, 4.1033, 0.612534
5.0009, 4.1033, 0.659747
5.12913, 4.1033, 0.689819
5.25736, 4.1033, 0.695003
5.38559, 4.1033, 0.68644
5.51382, 4.1033, 0.690172
5.64204, 4.1033, 0.725839
5.77027, 4.1033, 0.780493
5.8985, 4.1033, 0.809933
6.02673, 4.1033, 0.798802
6.15496, 4.1033, 0.829297
6.28319, 4.1033, 0.828788
0, 4.23153, 0.975724
0.128228, 4.23153, 0.988294
0.256457, 4.23153, 0.983103
0.384685, 4.23153, 0.926792
0.512913, 4.23153, 1.006
0.641141, 4.23153, 1.12908
0.76937, 4.23153, 1.12221
0.897598, 4.23153, 0.913271
1.02583, 4.23153, 0.563039
1.15405, 4.23153, 0.198946
1.28228, 4.23153, -0.066757
1.41051, 4.23153, -0.185183
1.53874, 4.23153, -0.17468
1.66697, 4.23153, -0.0941546
1.7952, 4.23153, -0.0074111
1.92342, 4.23153, 0.0439762
2.05165, 4.23153, 0.0509763
2.17988, 4.23153, 0.0313938
2.30811, 4.23153, 0.0147611
2.43634, 4.23153, 0.0261381
2.56457, 4.23153, 0.075389
2.69279, 4.23153, 0.154909
2.82102, 4.23153, 0.244984
2.94925, 4.23153, 0.323299
3.07748, 4.23153, 0.374176
3.20571, 4.23153, 0.393961
3.33394, 4.23153, 0.390943
3.46216, 4.23153, 0.380483
3.59039, 4.23153, 0.377855
3.71862, 4.23153, 0.391948
3.84685, 4.23153, 0.422437
3.97508, 4.23153, 0.461419
4.1033, 4.23153, 0.49854
4.23153, 4.23153, 0.527058
4.35976, 4.23153, 0.547753
4.48799, 4.23153, 0.56848
4.61622, 4.23153, 0.599202
4.74445, 4.23153, 0.644859
4.87267, 4.23153, 0.700173
5.0009, 4.23153, 0.750398
5.12913, 4.23153, 0.779344
5.25736, 4.23153, 0.781321
5.38559, 4.23153, 0.768996
5.51382, 4.23153, 0.768125
5.64204, 4.23153, 0.796698
5.77027, 4.23153, 0.841565
5.8985, 4.23153, 0.863495
6.02673, 4.23153, 0.857054
6.15496, 4.23153, 0.907328
6.28319, 4.23153, 0.907691
0, 4.35976, 1.02335
0.128228, 4.35976, 1.07639
0.256457, 4.35976, 1.03967
0.384685, 4.35976, 1.0348
0.512913, 4.35976, 1.12722
0.641141, 4.35976, 1.18949
0.76937, 4.35976, 1.09259
0.897598, 4.35976, 0.819797
1.02583, 4.35976, 0.457301
1.15405, 4.35976, 0.124693
1.28228, 4.35976, -0.0907498
1.41051, 4.35976, -0.164413
1.53874, 4.35976, -0.127891
1.66697, 4.35976, -0.0409239
1.7952, 4.35976, 0.0397892
1.92342, 4.35976, 0.0815923
2.05165, 4.35976, 0.0816118
2.17988, 4.35976, 0.0594037
2.30811, 4.35976, 0.0428308
2.43634, 4.35976, 0.0542048
2.56457, 4.35976, 0.101803
2.69279, 4.35976, 0.178707
2.82102, 4.35976, 0.267821
2.94925, 4.35976, 0.349953
3.07748, 4.35976, 0.411309
3.20571, 4.35976, 0.447649
3.33394, 4.35976, 0.464026
3.46216, 4.35976, 0.470901
3.59039, 4.35976, 0.478734
3.71862, 4.35976, 0.49354
3.84685, 4.35976, 0.515257
3.97508, 4.35976, 0.539427
4.1033, 4.35976, 0.561143
4.23153, 4.35976, 0.5791
4.35976, 4.35976, 0.597437
4.48799, 4.35976, 0.623999
4.61622, 4.35976, 0.665477
4.74445, 4.35976, 0.72181
4.87267, 4.35976, 0.783369
5.0009, 4.35976, 0.833827
5.12913, 4.35976, 0.858872
5.25736, 4.35976, 0.856805
5.38559, 4.35976, 0.843505
5.51382, 4.35976, 0.844468
5.64204, 4.35976, 0.87382
5.77027, 4.35976, 0.914798
5.8985, 4.35976, 0.930754
6.02673, 4.35976, 0.926404
6.15496, 4.35976, 0.991802
6.28319, 4.35976, 0.992638
0, 4.48799, 1.0675
0.128228, 4.48799, 1.15228
0.256457, 4.48799, 1.09154
0.384685, 4.48799, 1.14328
0.512913, 4.48799, 1.24202
0.641141, 4.48799, 1.23209
0.76937, 4.48799, 1.03995
0.897598, 4.48799, 0.708439
1.02583, 4.48799, 0.345898
1.15405, 4.48799, 0.0574391
1.28228, 4.48799, -0.100046
1.41051, 4.48799, -0.127841
1.53874, 4.48799, -0.0686437
1.66697, 4.48799, 0.0210869
1.7952, 4.48799, 0.0955146
1.92342, 4.48799, 0.132538
2.05165, 4.48799, 0.134342
2.17988, 4.48799, 0.118957
2.30811, 4.48799, 0.108472
2.43634, 4.48799, 0.119068
2.56457, 4.48799, 0.155996
2.69279, 4.48799, 0.214037
2.82102, 4.48799, 0.281902
2.94925, 4.48799, 0.347952
3.07748, 4.48799, 0.404703
3.20571, 4.48799, 0.45055
3.33394, 4.48799, 0.488528
3.46216, 4.48799, 0.523189
3.59039, 4.48799, 0.557335
3.71862, 4.48799, 0.59026
3.84685, 4.48799, 0.618356
3.97508, 4.48799, 0.637782
4.1033, 4.48799, 0.647816
4.23153, 4.48799, 0.652998
4.35976, 4.48799, 0.662543
4.48799, 4.48799, 0.686635
4.61622, 4.48799, 0.730907
4.74445, 4.48799, 0.791809
4.87267, 4.48799, 0.855956
5.0009, 4.48799, 0.905287
5.12913, 4.48799, 0.926926
5.25736, 4.48799, 0.922891
5.38559, 4.48799, 0.912357
5.51382, 4.48799, 0.920704
5.64204, 4.48799, 0.957705
5.77027, 4.48799, 1.00107
5.8985, 4.48799, 1.01328
6.02673, 4.48799, 1.00574
6.15496, 4.48799, 1.07445
6.28319, 4.48799, 1.07233
0, 4.61622, 1.10485
0.128228, 4.61622, 1.20674
0.256457, 4.61622, 1.13577
0.384685, 4.61622, 1.24245
0.512913, 4.61622, 1.34084
0.641141, 4.61622, 1.25796
0.76937, 4.61622, 0.97711
0.897598, 4.61622, 0.596288
1.02583, 4.61622, 0.240988
1.15405, 4.61622, -0.000746809
1.28228, 4.61622, -0.102154
1.41051, 4.61622, -0.0882174
1.53874, 4.61622, -0.00993767
1.66697, 4.61622, 0.0818007
1.7952, 4.61622, 0.153171
1.92342, 4.61622, 0.192452
2.05165, 4.61622, 0.20557
2.17988, 4.61622, 0.206968
2.30811, 4.61622, 0.210632
2.43634, 4.61622, 0.22452
2.56457, 4.61622, 0.249431
2.69279, 4.61622, 0.281402
2.82102, 4.61622, 0.315647
2.94925, 4.61622, 0.349866
3.07748, 4.61622, 0.385483
3.20571, 4.61622, 0.42647
3.33394, 4.61622, 0.476539
3.46216, 4.61622, 0.536171
3.59039, 4.61622, 0.601017
3.71862, 4.61622, 0.662609
3.84685, 4.61622, 0.71135
3.97508, 4.61622, 0.740669
4.1033, 4.61622, 0.750573
4.23153, 4.61622, 0.748793
4.35976, 4.61622, 0.748517
4.48799, 4.61622, 0.763101
4.61622, 4.61622, 0.799716
4.74445, 4.61622, 0.854893
4.87267, 4.61622, 0.91484
5.0009, 4.61622, 0.961667
5.12913, 4.61622, 0.98361
5.25736, 4.61622, 0.984023
5.38559, 4.61622, 0.982149
5.51382, 4.61622, 1.00112
5.64204, 4.61622, 1.04675
5.77027, 4.61622, 1.09365
5.8985, 4.61622, 1.10425
6.02673, 4.61622, 1.09104
6.15496, 4.61622, 1.14741
6.28319, 4.61622, 1.13859
0, 4.74445, 1.13679
0.128228, 4.74445, 1.2401
0.256457, 4.74445, 1.17445
0.384685, 4.74445, 1.32833
0.512913, 4.74445, 1.41736
0.641141, 4.74445, 1.26542
0.76937, 4.74445, 0.909342
0.897598, 4.74445, 0.492182
1.02583, 4.74445, 0.149217
1.15405, 4.74445, -0.0499598
1.28228, 4.74445, -0.105425
1.41051, 4.74445, -0.0609664
1.53874, 4.74445, 0.0280715
1.66697, 4.74445, 0.11826
1.7952, 4.74445, 0.187768
1.92342, 4.74445, 0.234223
2.05165, 4.74445, 0.266137
2.17988, 4.74445, 0.293564
2.30811, 4.74445, 0.321905
2.43634, 4.74445, 0.35034
2.56457, 4.74445, 0.374171
2.69279, 4.74445, 0.389002
2.82102, 4.74445, 0.394453
2.94925, 4.74445, 0.395671
3.07748, 4.74445, 0.402062
3.20571, 4.74445, 0.423833
3.33394, 4.74445, 0.467798
3.46216, 4.74445, 0.534171
3.59039, 4.74445, 0.615681
3.71862, 4.74445, 0.699532
3.84685, 4.74445, 0.771608
3.97508, 4.74445, 0.821476
4.1033, 4.74445, 0.846286
4.23153, 4.74445, 0.851946
4.35976, 4.74445, 0.850844
4.48799, 4.74445, 0.856739
4.61622, 4.74445, 0.878767
4.74445, 4.74445, 0.917194
4.87267, 4.74445, 0.963304
5.0009, 4.74445, 1.00419
5.12913, 4.74445, 1.03076
5.25736, 4.74445, 1.0447
5.38559, 4.74445, 1.05905
5.51382, 4.74445, 1.08907
5.64204, 4.74445, 1.13667
5.77027, 4.74445, 1.18063
5.8985, 4.74445, 1.19162
6.02673, 4.74445, 1.17823
6.15496, 4.74445, 1.20932
6.28319, 4.74445, 1.19326
0, 4.87267, 1.1728
0.128228, 4.87267, 1.26551
0.256457, 4.87267, 1.21688
0.384685, 4.87267, 1.40478
0.512913, 4.87267, 1.47022
0.641141, 4.87267, 1.25043
0.76937, 4.87267, 0.832998
0.897598, 4.87267, 0.394277
1.02583, 4.87267, 0.0694901
1.15405, 4.87267, -0.093241
1.28228, 4.87267, -0.11775
1.41051, 4.87267, -0.0608375
1.53874, 4.87267, 0.0229628
1.66697, 4.87267, 0.100437
1.7952, 4.87267, 0.162119
1.92342, 4.87267, 0.21411
2.05165, 4.87267, 0.26675
2.17988, 4.87267, 0.325854
2.30811, 4.87267, 0.389226
2.43634, 4.87267, 0.448289
2.56457, 4.87267, 0.492799
2.69279, 4.87267, 0.51601
2.82102, 4.87267, 0.518052
2.94925, 4.87267, 0.506406
3.07748, 4.87267, 0.493546
3.20571, 4.87267, 0.492823
3.33394, 4.87267, 0.514147
3.46216, 4.87267, 0.560937
3.59039, 4.87267, 0.629276
3.71862, 4.87267, 0.70942
3.84685, 4.87267, 0.789042
3.97508, 4.87267, 0.857067
4.1033, 4.87267, 0.906828
4.23153, 4.87267, 0.937544
4.35976, 4.87267, 0.953747
4.48799, 4.87267, 0.963014
4.61622, 4.87267, 0.972944
4.74445, 4.87267, 0.988614
4.87267, 4.87267, 1.0115
5.0009, 4.87267, 1.04019
5.12913, 4.87267, 1.07239
5.25736, 4.87267, 1.10684
5.38559, 4.87267, 1.14371
5.51382, 4.87267, 1.18289
5.64204, 4.87267, 1.22103
5.77027, 4.87267, 1.25058
5.8985, 4.87267, 1.26432
6.02673, 4.87267, 1.2652
6.15496, 4.87267, 1.26793
6.28319, 4.87267, 1.24967
0, 5.0009, 1.22793
0.128228, 5.0009, 1.30421
0.256457, 5.0009, 1.2766
0.384685, 5.0009, 1.48076
0.512913, 5.0009, 1.50299
0.641141, 5.0009, 1.21038
0.76937, 5.0009, 0.741349
0.897598, 5.0009, 0.295096
1.02583, 5.0009, -0.00417317
1.15405, 5.0009, -0.135217
1.28228, 5.0009, -0.144565
1.41051, 5.0009, -0.0970333
1.53874, 5.0009, -0.0408041
1.66697, 5.0009, 0.00482396
1.7952, 5.0009, 0.044007
1.92342, 5.0009, 0.0909986
2.05165, 5.0009, 0.157525
2.17988, 5.0009, 0.245768
2.30811, 5.0009, 0.347834
2.43634, 5.0009, 0.449838
2.56457, 5.0009, 0.537642
2.69279, 5.0009, 0.60162
2.82102, 5.0009, 0.638985
2.94925, 5.0009, 0.653494
3.07748, 5.0009, 0.653313
3.20571, 5.0009, 0.648252
3.33394, 5.0009, 0.647362
3.46216, 5.0009, 0.657471
3.59039, 5.0009, 0.682613
3.71862, 5.0009, 0.724008
3.84685, 5.0009, 0.780148
3.97508, 5.0009, 0.846818
4.1033, 5.0009, 0.917242
4.23153, 5.0009, 0.982807
4.35976, 5.0009, 1.03477
4.48799, 5.0009, 1.06693
4.61622, 5.0009, 1.07855
4.74445, 5.0009, 1.0761
4.87267, 5.0009, 1.07242
5.0009, 5.0009, 1.08223
5.12913, 5.0009, 1.11517
5.25736, 5.0009, 1.16916
5.38559, 5.0009, 1.22905
5.51382, 5.0009, 1.27412
5.64204, 5.0009, 1.29353
5.77027, 5.0009, 1.29938
5.8985, 5.0009, 1.31863
6.02673, 5.0009, 1.35138
6.15496, 5.0009, 1.33625
6.28319, 5.0009, 1.32548
0, 5.12913, 1.31349
0.128228, 5.12913, 1.3732
0.256457, 5.12913, 1.36325
0.384685, 5.12913, 1.56296
0.512913, 5.12913, 1.52185
0.641141, 5.12913, 1.14985
0.76937, 5.12913, 0.635724
0.897598, 5.12913, 0.192823
1.02583, 5.12913, -0.0749563
1.15405, 5.12913, -0.178265
1.28228, 5.12913, -0.186159
1.41051, 5.12913, -0.167936
1.53874, 5.12913, -0.161206
1.66697, 5.12913, -0.168457
1.7952, 5.12913, -0.17099
1.92342, 5.12913, -0.146832
2.05165, 5.12913, -0.0833677
2.17988, 5.12913, 0.0185809
2.30811, 5.12913, 0.147716
2.43634, 5.12913, 0.288424
2.56457, 5.12913, 0.42638
2.69279, 5.12913, 0.551446
2.82102, 5.12913, 0.657657
2.94925, 5.12913, 0.741578
3.07748, 5.12913, 0.800781
3.20571, 5.12913, 0.833703
3.33394, 5.12913, 0.841063
3.46216, 5.12913, 0.827932
3.59039, 5.12913, 0.80491
3.71862, 5.12913, 0.787065
3.84685, 5.12913, 0.790202
3.97508, 5.12913, 0.825367
4.1033, 5.12913, 0.893697
4.23153, 5.12913, 0.984135
4.35976, 5.12913, 1.07592
4.48799, 5.12913, 1.14597
4.61622, 5.12913, 1.17888
4.74445, 5.12913, 1.17528
4.87267, 5.12913, 1.15374
5.0009, 5.12913, 1.14326
5.12913, 5.12913, 1.16771
5.25736, 5.12913, 1.22946
5.38559, 5.12913, 1.30331
5.51382, 5.12913, 1.35056
5.64204, 5.12913, 1.35154
5.77027, 5.12913, 1.3349
5.8985, 5.12913, 1.36155
6.02673, 5.12913, 1.43472
6.15496, 5.12913, 1.42243
6.28319, 5.12913, 1.42867
0, 5.25736, 1.42566
0.128228, 5.25736, 1.47082
0.256457, 5.25736, 1.47305
0.384685, 5.25736, 1.64731
0.512913, 5.25736, 1.53178
0.641141, 5.25736, 1.08436
0.76937, 5.25736, 0.53532
0.897598, 5.25736, 0.102536
1.02583, 5.25736, -0.134617
1.15405, 5.25736, -0.217709
1.28228, 5.25736, -0.235083
1.41051, 5.25736, -0.257751
1.53874, 5.25736, -0.31182
1.66697, 5.25736, -0.383893
1.7952, 5.25736, -0.442699
1.92342, 5.25736, -0.460504
2.05165, 5.25736, -0.424822
2.17988, 5.25736, -0.338915
2.30811, 5.25736, -0.215104
2.43634, 5.25736, -0.0666693
2.56457, 5.25736, 0.0970868
2.69279, 5.25736, 0.270951
2.82102, 5.25736, 0.450272
2.94925, 5.25736, 0.626734
3.07748, 5.25736, 0.786424
3.20571, 5.25736, 0.911877
3.33394, 5.25736, 0.987699
3.46216, 5.25736, 1.00748
3.59039, 5.25736, 0.978791
3.71862, 5.25736, 0.92348
3.84685, 5.25736, 0.872194
3.97508, 5.25736, 0.854431
4.1033, 5.25736, 0.887588
4.23153, 5.25736, 0.969529
4.35976, 5.25736, 1.07845
4.48799, 5.25736, 1.18124
4.61622, 5.25736, 1.24794
4.74445, 5.25736, 1.26631
4.87267, 5.25736, 1.24908
5.0009, 5.25736, 1.22841
5.12913, 5.25736, 1.23759
5.25736, 5.25736, 1.28829
5.38559, 5.25736, 1.35824
5.51382, 5.25736, 1.40386
5.64204, 5.25736, 1.39911
5.77027, 5.25736, 1.37527
5.8985, 5.25736, 1.40798
6.02673, 5.25736, 1.5089
6.15496, 5.25736, 1.51926
6.28319, 5.25736, 1.54484
0, 5.38559, 1.54093
0.128228, 5.38559, 1.57145
0.256457, 5.38559, 1.58518
0.384685, 5.38559, 1.71597
0.512913, 5.38559, 1.53303
0.641141, 5.38559, 1.03739
0.76937, 5.38559, 0.476158
0.897598, 5.38559, 0.0575336
1.02583, 5.38559, -0.160764
1.15405, 5.38559, -0.239375
1.28228, 5.38559, -0.275423
1.41051, 5.38559, -0.338073
1.53874, 5.38559, -0.445326
1.66697, 5.38559, -0.574936
1.7952, 5.38559, -0.69003
1.92342, 5.38559, -0.761666
2.05165, 5.38559, -0.779054
2.17988, 5.38559, -0.747117
2.30811, 5.38559, -0.676903
2.43634, 5.38559, -0.575961
2.56457, 5.38559, -0.4439
2.69279, 5.38559, -0.2747
2.82102, 5.38559, -0.0638069
2.94925, 5.38559, 0.184078
3.07748, 5.38559, 0.450731
3.20571, 5.38559, 0.706189
3.33394, 5.38559, 0.916454
3.46216, 5.38559, 1.05445
3.59039, 5.38559, 1.10999
3.71862, 5.38559, 1.09462
3.84685, 5.38559, 1.03898
3.97508, 5.38559, 0.982934
4.1033, 5.38559, 0.961768
4.23153, 5.38559, 0.99362
4.35976, 5.38559, 1.07325
4.48799, 5.38559, 1.1753
4.61622, 5.38559, 1.26637
4.74445, 5.38559, 1.32121
4.87267, 5.38559, 1.33531
5.0009, 5.38559, 1.32687
5.12913, 5.38559, 1.32526
5.25736, 5.38559, 1.35074
5.38559, 5.38559, 1.39794
5.51382, 5.38559, 1.43814
5.64204, 5.38559, 1.44661
5.77027, 5.38559, 1.43886
5.8985, 5.38559, 1.47176
6.02673, 5.38559, 1.56492
6.15496, 5.38559, 1.60246
6.28319, 5.38559, 1.63826
0, 5.51382, 1.62725
0.128228, 5.51382, 1.63916
0.256457, 5.51382, 1.67129
0.384685, 5.51382, 1.74599
0.512913, 5.51382, 1.52109
0.641141, 5.51382, 1.02813
0.76937, 5.51382, 0.492316
0.897598, 5.51382, 0.0926734
1.02583, 5.51382, -0.126476
1.15405, 5.51382, -0.223325
1.28228, 5.51382, -0.286011
1.41051, 5.51382, -0.376562
1.53874, 5.51382, -0.511271
1.66697, 5.51382, -0.671017
1.7952, 5.51382, -0.824315
1.92342, 5.51382, -0.947327
2.05165, 5.51382, -1.03236
2.17988, 5.51382, -1.08456
2.30811, 5.51382, -1.11183
2.43634, 5.51382, -1.11489
2.56457, 5.51382, -1.08274
2.69279, 5.51382, -0.995554
2.82102, 5.51382, -0.833422
2.94925, 5.51382, -0.587032
3.07748, 5.51382, -0.265607
3.20571, 5.51382, 0.101326
3.33394, 5.51382, 0.469471
3.46216, 5.51382, 0.791026
3.59039, 5.51382, 1.02799
3.71862, 5.51382, 1.163
3.84685, 5.51382, 1.20398
3.97508, 5.51382, 1.18072
4.1033, 5.51382, 1.13454
4.23153, 5.51382, 1.10438
4.35976, 5.51382, 1.11434
4.48799, 5.51382, 1.16717
4.61622, 5.51382, 1.24629
4.74445, 5.51382, 1.32562
4.87267, 5.51382, 1.38285
5.0009, 5.51382, 1.41025
5.12913, 5.51382, 1.41716
5.25736, 5.51382, 1.42248
5.38559, 5.51382, 1.44101
5.51382, 5.51382, 1.47274
5.64204, 5.51382, 1.50488
5.77027, 5.51382, 1.5283
5.8985, 5.51382, 1.55379
6.02673, 5.51382, 1.59987
6.15496, 5.51382, 1.64605
6.28319, 5.51382, 1.67558
0, 5.64204, 1.6707
0.128228, 5.64204, 1.6598
0.256457, 5.64204, 1.7173
0.384685, 5.64204, 1.73009
0.512913, 5.64204, 1.49276
0.641141, 5.64204, 1.05472
0.76937, 5.64204, 0.583904
0.897598, 5.64204, 0.212209
1.02583, 5.64204, -0.0221401
1.15405, 5.64204, -0.154952
1.28228, 5.64204, -0.248369
1.41051, 5.64204, -0.351555
1.53874, 5.64204, -0.484258
1.66697, 5.64204, -0.640846
1.7952, 5.64204, -0.804559
1.92342, 5.64204, -0.961337
2.05165, 5.64204, -1.10665
2.17988, 5.64204, -1.24389
2.30811, 5.64204, -1.37712
2.43634, 5.64204, -1.50278
2.56457, 5.64204, -1.60467
2.69279, 5.64204, -1.65498
2.82102, 5.64204, -1.62105
2.94925, 5.64204, -1.47576
3.07748, 5.64204, -1.20796
3.20571, 5.64204, -0.829219
3.33394, 5.64204, -0.374485
3.46216, 5.64204, 0.104062
3.59039, 5.64204, 0.548449
3.71862, 5.64204, 0.90852
3.84685, 5.64204, 1.15385
3.97508, 5.64204, 1.28043
4.1033, 5.64204, 1.31
4.23153, 5.64204, 1.28221
4.35976, 5.64204, 1.24172
4.48799, 5.64204, 1.22451
4.61622, 5.64204, 1.24775
4.74445, 5.64204, 1.30684
4.87267, 5.64204, 1.38101
5.0009, 5.64204, 1.44533
5.12913, 5.64204, 1.48414
5.25736, 5.64204, 1.49943
5.38559, 5.64204, 1.50886
5.51382, 5.64204, 1.53257
5.64204, 5.64204, 1.57553
5.77027, 5.64204, 1.61894
5.8985, 5.64204, 1.63553
6.02673, 5.64204, 1.62879
6.15496, 5.64204, 1.65133
6.28319, 5.64204, 1.66504
0, 5.77027, 1.69766
0.128228, 5.77027, 1.66855
0.256457, 5.77027, 1.7419
0.384685, 5.77027, 1.69675
0.512913, 5.77027, 1.45753
0.641141, 5.77027, 1.08747
0.76937, 5.77027, 0.695395
0.897598, 5.77027, 0.363984
1.02583, 5.77027, 0.123814
1.15405, 5.77027, -0.0383843
1.28228, 5.77027, -0.156946
1.41051, 5.77027, -0.26581
1.53874, 5.77027, -0.38634
1.66697, 5.77027, -0.525385
1.7952, 5.77027, -0.680219
1.92342, 5.77027, -0.845559
2.05165, 5.77027, -1.01865
2.17988, 5.77027, -1.20034
2.30811, 5.77027, -1.39227
2.43634, 5.77027, -1.59189
2.56457, 5.77027, -1.78784
2.69279, 5.77027, -1.95787
2.82102, 5.77027, -2.07077
2.94925, 5.77027, -2.0921
3.07748, 5.77027, -1.99257
3.20571, 5.77027, -1.75663
3.33394, 5.77027, -1.38895
3.46216, 5.77027, -0.916596
3.59039, 5.77027, -0.385821
3.71862, 5.77027, 0.146011
3.84685, 5.77027, 0.621829
3.97508, 5.77027, 0.996759
4.1033, 5.77027, 1.24748
4.23153, 5.77027, 1.37642
4.35976, 5.77027, 1.4094
4.48799, 5.77027, 1.38724
4.61622, 5.77027, 1.35341
4.74445, 5.77027, 1.34158
4.87267, 5.77027, 1.36698
5.0009, 5.77027, 1.42466
5.12913, 5.77027, 1.49565
5.25736, 5.77027, 1.55847
5.38559, 5.77027, 1.60094
5.51382, 5.77027, 1.62575
5.64204, 5.77027, 1.64547
5.77027, 5.77027, 1.66859
5.8985, 5.77027, 1.68743
6.02673, 5.77027, 1.68467
6.15496, 5.77027, 1.66602
6.28319, 5.77027, 1.67682
0, 5.8985, 1.75503
0.128228, 5.8985, 1.72883
0.256457, 5.8985, 1.78147
0.384685, 5.8985, 1.702
0.512913, 5.8985, 1.44571
0.641141, 5.8985, 1.09318
0.76937, 5.8985, 0.744804
0.897598, 5.8985, 0.460898
1.02583, 5.8985, 0.252731
1.15405, 5.8985, 0.100309
1.28228, 5.8985, -0.0253507
1.41051, 5.8985, -0.147229
1.53874, 5.8985, -0.277057
1.66697, 5.8985, -0.417131
1.7952, 5.8985, -0.565079
1.92342, 5.8985, -0.718275
2.05165, 5.8985, -0.876253
2.17988, 5.8985, -1.04088
2.30811, 5.8985, -1.21492
2.43634, 5.8985, -1.39982
2.56457, 5.8985, -1.59353
2.69279, 5.8985, -1.78864
2.82102, 5.8985, -1.97141
2.94925, 5.8985, -2.12167
3.07748, 5.8985, -2.21411
3.20571, 5.8985, -2.22113
3.33394, 5.8985, -2.1173
3.46216, 5.8985, -1.88515
3.59039, 5.8985, -1.52122
3.71862, 5.8985, -1.04099
3.84685, 5.8985, -0.480731
3.97508, 5.8985, 0.105234
4.1033, 5.8985, 0.652676
4.23153, 5.8985, 1.10022
4.35976, 5.8985, 1.40417
4.48799, 5.8985, 1.55135
4.61622, 5.8985, 1.56498
4.74445, 5.8985, 1.49992
4.87267, 5.8985, 1.42605
5.0009, 5.8985, 1.40338
5.12913, 5.8985, 1.45742
5.25736, 5.8985, 1.56677
5.38559, 5.8985, 1.67388
5.51382, 5.8985, 1.72117
5.64204, 5.8985, 1.6979
5.77027, 5.8985, 1.66276
5.8985, 5.8985, 1.69761
6.02673, 5.8985, 1.78514
6.15496, 5.8985, 1.75148
6.28319, 5.8985, 1.78911
0, 6.02673, 1.82849
0.128228, 6.02673, 1.83403
0.256457, 6.02673, 1.82619
0.384685, 6.02673, 1.76628
0.512913, 6.02673, 1.49273
0.641141, 6.02673, 1.09426
0.76937, 6.02673, 0.729794
0.897598, 6.02673, 0.481569
1.02583, 6.02673, 0.33555
1.15405, 6.02673, 0.231497
1.28228, 6.02673, 0.116773
1.41051, 6.02673, -0.0281557
1.53874, 6.02673, -0.193371
1.66697, 6.02673, -0.357795
1.7952, 6.02673, -0.506575
1.92342, 6.02673, -0.638694
2.05165, 6.02673, -0.764102
2.17988, 6.02673, -0.895102
2.30811, 6.02673, -1.03828
2.43634, 6.02673, -1.19132
2.56457, 6.02673, -1.34574
2.69279, 6.02673, -1.49302
2.82102, 6.02673, -1.63026
2.94925, 6.02673, -1.76165
3.07748, 6.02673, -1.89426
3.20571, 6.02673, -2.02954
3.33394, 6.02673, -2.15422
3.46216, 6.02673, -2.23554
3.59039, 6.02673, -2.22459
3.71862, 6.02673, -2.06873
3.84685, 6.02673, -1.73044
3.97508, 6.02673, -1.20663
4.1033, 6.02673, -0.540415
4.23153, 6.02673, 0.181066
4.35976, 6.02673, 0.845702
4.48799, 6.02673, 1.34869
4.61622, 6.02673, 1.62814
4.74445, 6.02673, 1.6899
4.87267, 6.02673, 1.60844
5.0009, 6.02673, 1.49769
5.12913, 6.02673, 1.45929
5.25736, 6.02673, 1.53022
5.38559, 6.02673, 1.66152
5.51382, 6.02673, 1.75308
5.64204, 6.02673, 1.7404
5.77027, 6.02673, 1.67683
5.8985, 6.02673, 1.70828
6.02673, 6.02673, 1.86731
6.15496, 6.02673, 1.877
6.28319, 6.02673, 1.93876
0, 6.15496, 1.81335
0.128228, 6.15496, 1.84
0.256457, 6.15496, 1.79869
0.384685, 6.15496, 1.7876
0.512913, 6.15496, 1.56561
0.641141, 6.15496, 1.18923
0.76937, 6.15496, 0.829519
0.897598, 6.15496, 0.584495
1.02583, 6.15496, 0.443132
1.15405, 6.15496, 0.340611
1.28228, 6.15496, 0.222383
1.41051, 6.15496, 0.073926
1.53874, 6.15496, -0.0865412
1.66697, 6.15496, -0.233715
1.7952, 6.15496, -0.358068
1.92342, 6.15496, -0.473375
2.05165, 6.15496, -0.607876
2.17988, 6.15496, -0.786494
2.30811, 6.15496, -1.01455
2.43634, 6.15496, -1.27124
2.56457, 6.15496, -1.51575
2.69279, 6.15496, -1.70333
2.82102, 6.15496, -1.80412
2.94925, 6.15496, -1.81698
3.07748, 6.15496, -1.77211
3.20571, 6.15496, -1.72073
3.33394, 6.15496, -1.71496
3.46216, 6.15496, -1.78486
3.59039, 6.15496, -1.92121
3.71862, 6.15496, -2.07126
3.84685, 6.15496, -2.15079
3.97508, 6.15496, -2.07001
4.1033, 6.15496, -1.76585
4.23153, 6.15496, -1.22951
4.35976, 6.15496, -0.518595
4.48799, 6.15496, 0.253262
4.61622, 6.15496, 0.948456
4.74445, 6.15496, 1.45028
4.87267, 6.15496, 1.7045
5.0009, 6.15496, 1.73987
5.12913, 6.15496, 1.65513
5.25736, 6.15496, 1.57296
5.38559, 6.15496, 1.57877
5.51382, 6.15496, 1.67601
5.64204, 6.15496, 1.79117
5.77027, 6.15496, 1.83891
5.8985, 6.15496, 1.81079
6.02673, 6.15496, 1.79766
6.15496, 6.15496, 1.85929
6.28319, 6.15496, 1.85368
0, 6.28319, 2.05815
0.128228, 6.28319, 1.95459
0.256457, 6.28319, 1.98806
0.384685, 6.28319, 1.65915
0.512913, 6.28319, 1.39308
0.641141, 6.28319, 1.25407
0.76937, 6.28319, 1.10649
0.897598, 6.28319, 0.869283
1.02583, 6.28319, 0.577129
1.15405, 6.28319, 0.315701
1.28228, 6.28319, 0.143153
1.41051, 6.28319, 0.0569632
1.53874, 6.28319, 0.00908223
1.66697, 6.28319, -0.0565445
1.7952, 6.28319, -0.172209
1.92342, 6.28319, -0.335855
2.05165, 6.28319, -0.521567
2.17988, 6.28319, -0.700531
2.30811, 6.28319, -0.859256
2.43634, 6.28319, -1.00584
2.56457, 6.28319, -1.16246
2.69279, 6.28319, -1.34915
2.82102, 6.28319, -1.56776
2.94925, 6.28319, -1.79465
3.07748, 6.28319, -1.98626
3.20571, 6.28319, -2.09621
3.33394, 6.28319, -2.09687
3.46216, 6.28319, -1.99582
3.59039, 6.28319, -1.83873
3.71862, 6.28319, -1.6949
3.84685, 6.28319, -1.62881
3.97508, 6.28319, -1.66747
4.1033, 6.28319, -1.77755
4.23153, 6.28319, -1.86482
4.35976, 6.28319, -1.8017
4.48799, 6.28319, -1.47778
4.61622, 6.28319, -0.856168
4.74445, 6.28319, -0.0107842
4.87267, 6.28319, 0.879384
5.0009, 6.28319, 1.58947
5.12913, 6.28319, 1.94761
5.25736, 6.28319, 1.93145
5.38559, 6.28319, 1.70223
5.51382, 6.28319, 1.52739
5.64204, 6.28319, 1.59858
5.77027, 6.28319, 1.85099
5.8985, 6.28319, 1.98532
6.02673, 6.28319, 1.8507
6.15496, 6.28319, 1.8767
6.28319, 6.28319, 1.80877
