0, 0, 2.78055
0.128228, 0, 2.78055
0.256457, 0, 2.78055
0.384685, 0, 2.78055
0.512913, 0, 2.78055
0.641141, 0, 2.78055
0.76937, 0, 2.78055
0.897598, 0, 2.78055
1.02583, 0, 2.78055
1.15405, 0, 2.78055
1.28228, 0, 2.78055
1.41051, 0, 2.78055
1.53874, 0, 2.78055
1.66697, 0, 2.78055
1.7952, 0, 2.78055
1.92342, 0, 2.78055
2.05165, 0, 2.78055
2.17988, 0, 2.78055
2.30811, 0, 2.78055
2.43634, 0, 2.78055
2.56457, 0, 2.78055
2.69279, 0, 2.78055
2.82102, 0, 2.78055
2.94925, 0, 2.78055
3.07748, 0, 2.78055
3.20571, 0, 2.78055
3.33394, 0, 2.78055
3.46216, 0, 2.78055
3.59039, 0, 2.78055
3.71862, 0, 2.78055
3.84685, 0, 2.78055
3.97508, 0, 2.78055
4.1033, 0, 2.78055
4.23153, 0, 2.78055
4.35976, 0, 2.78055
4.48799, 0, 2.78055
4.61622, 0, 2.78055
4.74445, 0, 2.78055
4.87267, 0, 2.78055
5.0009, 0, 2.78055
5.12913, 0, 2.78055
5.25736, 0, 2.78055
5.38559, 0, 2.78055
5.51382, 0, 2.78055
5.64204, 0, 2.78055
5.77027, 0, 2.78055
5.8985, 0, 2.78055
6.02673, 0, 2.78055
6.15496, 0, 2.78055
6.28319, 0, 2.78055
0, 0.128228, 2.78053
0.128228, 0.128228, 2.78053
0.256457, 0.128228, 2.78053
0.384685, 0.128228, 2.78053
0.512913, 0.128228, 2.78053
0.641141, 0.128228, 2.78053
0.76937, 0.128228, 2.78053
0.897598, 0.128228, 2.78053
1.02583, 0.128228, 2.78053
1.15405, 0.128228, 2.78053
1.28228, 0.128228, 2.78053
1.41051, 0.128228, 2.78053
1.53874, 0.128228, 2.78053
1.66697, 0.128228, 2.78053
1.7952, 0.128228, 2.78053
1.92342, 0.128228, 2.78053
2.05165, 0.128228, 2.78053
2.17988, 0.128228, 2.78053
2.30811, 0.128228, 2.78053
2.43634, 0.128228, 2.78053
2.56457, 0.128228, 2.78053
2.69279, 0.128228, 2.78053
2.82102, 0.128228, 2.78053
2.94925, 0.128228, 2.78053
3.07748, 0.128228, 2.78053
3.20571, 0.128228, 2.78053
3.33394, 0.128228, 2.78053
3.46216, 0.128228, 2.78053
3.59039, 0.128228, 2.78053
3.71862, 0.128228, 2.78053
3.84685, 0.128228, 2.78053
3.97508, 0.128228, 2.78053
4.1033, 0.128228, 2.78053
4.23153, 0.128228, 2.78053
4.35976, 0.128228, 2.78053
4.48799, 0.128228, 2.78053
4.61622, 0.128228, 2.78053
4.74445, 0.128228, 2.78053
4.87267, 0.128228, 2.78053
5.0009, 0.128228, 2.78053
5.12913, 0.128228, 2.78053
5.25736, 0.128228, 2.78053
5.38559, 0.128228, 2.78053
5.51382, 0.128228, 2.78053
5.64204, 0.128228, 2.78053
5.77027, 0.128228, 2.78053
5.8985, 0.128228, 2.78053
6.02673, 0.128228, 2.78053
6.15496, 0.128228, 2.78053
6.28319, 0.128228, 2.78053
0, 0.256457, 2.78046
0.128228, 0.256457, 2.78046
0.256457, 0.256457, 2.78046
0.384685, 0.256457, 2.78046
0.512913, 0.256457, 2.78046
0.641141, 0.256457, 2.78046
0.76937, 0.256457, 2.78046
0.897598, 0.256457, 2.78046
1.02583, 0.256457, 2.78046
1.15405, 0.256457, 2.78046
1.28228, 0.256457, 2.78046
1.41051, 0.256457, 2.78046
1.53874, 0.256457, 2.78046
1.66697, 0.256457, 2.78046
1.7952, 0.256457, 2.78046
1.92342, 0.256457, 2.78046
2.05165, 0.256457, 2.78046
2.17988, 0.256457, 2.78046
2.30811, 0.256457, 2.78046
2.43634, 0.256457, 2.78046
2.56457, 0.256457, 2.78046
2.69279, 0.256457, 2.78046
2.82102, 0.256457, 2.78046
2.94925, 0.256457, 2.78046
3.07748, 0.256457, 2.78046
3.20571, 0.256457, 2.78046
3.33394, 0.256457, 2.78046
3.46216, 0.256457, 2.78046
3.59039, 0.256457, 2.78046
3.71862, 0.256457, 2.78046
3.84685, 0.256457, 2.78046
3.97508, 0.256457, 2.78046
4.1033, 0.256457, 2.78046
4.23153, 0.256457, 2.78046
4.35976, 0.256457, 2.78046
4.48799, 0.256457, 2.78046
4.61622, 0.256457, 2.78046
4.74445, 0.256457, 2.78046
4.87267, 0.256457, 2.78046
5.0009, 0.256457, 2.78046
5.12913, 0.256457, 2.78046
5.25736, 0.256457, 2.78046
5.38559, 0.256457, 2.78046
5.51382, 0.256457, 2.78046
5.64204, 0.256457, 2.78046
5.77027, 0.256457, 2.78046
5.8985, 0.256457, 2.78046
6.02673, 0.256457, 2.78046
6.15496, 0.256457, 2.78046
6.28319, 0.256457, 2.78046
0, 0.384685, 2.78035
0.128228, 0.384685, 2.78035
0.256457, 0.384685, 2.78035
0.384685, 0.384685, 2.78035
0.512913, 0.384685, 2.78035
0.641141, 0.384685, 2.78035
0.76937, 0.384685, 2.78035
0.897598, 0.384685, 2.78035
1.02583, 0.384685, 2.78035
1.15405, 0.384685, 2.78035
1.28228, 0.384685, 2.78035
1.41051, 0.384685, 2.78035
1.53874, 0.384685, 2.78035
1.66697, 0.384685, 2.78035
1.7952, 0.384685, 2.78035
1.92342, 0.384685, 2.78035
2.05165, 0.384685, 2.78035
2.17988, 0.384685, 2.78035
2.30811, 0.384685, 2.78035
2.43634, 0.384685, 2.78035
2.56457, 0.384685, 2.78035
2.69279, 0.384685, 2.78035
2.82102, 0.384685, 2.78035
2.94925, 0.384685, 2.78035
3.07748, 0.384685, 2.78035
3.20571, 0.384685, 2.78035
3.33394, 0.384685, 2.78035
3.46216, 0.384685, 2.78035
3.59039, 0.384685, 2.78035
3.71862, 0.384685, 2.78035
3.84685, 0.384685, 2.78035
3.97508, 0.384685, 2.78035
4.1033, 0.384685, 2.78035
4.23153, 0.384685, 2.78035
4.35976, 0.384685, 2.78035
4.48799, 0.384685, 2.78035
4.61622, 0.384685, 2.78035
4.74445, 0.384685, 2.78035
4.87267, 0.384685, 2.78035
5.0009, 0.384685, 2.78035
5.12913, 0.384685, 2.78035
5.25736, 0.384685, 2.78035
5.38559, 0.384685, 2.78035
5.51382, 0.384685, 2.78035
5.64204, 0.384685, 2.78035
5.77027, 0.384685, 2.78035
5.8985, 0.384685, 2.78035
6.02673, 0.384685, 2.78035
6.15496, 0.384685, 2.78035
6.28319, 0.384685, 2.78035
0, 0.512913, 2.7802
0.128228, 0.512913, 2.7802
0.256457, 0.512913, 2.7802
0.384685, 0.512913, 2.7802
0.512913, 0.512913, 2.7802
0.641141, 0.512913, 2.7802
0.76937, 0.512913, 2.7802
0.897598, 0.512913, 2.7802
1.02583, 0.512913, 2.7802
1.15405, 0.512913, 2.7802
1.28228, 0.512913, 2.7802
1.41051, 0.512913, 2.7802
1.53874, 0.512913, 2.7802
1.66697, 0.512913, 2.7802
1.7952, 0.512913, 2.7802
1.92342, 0.512913, 2.7802
2.05165, 0.512913, 2.7802
2.17988, 0.512913, 2.7802
2.30811, 0.512913, 2.7802
2.43634, 0.512913, 2.7802
2.56457, 0.512913, 2.7802
2.69279, 0.512913, 2.7802
2.82102, 0.512913, 2.7802
2.94925, 0.512913, 2.7802
3.07748, 0.512913, 2.7802
3.20571, 0.512913, 2.7802
3.33394, 0.512913, 2.7802
3.46216, 0.512913, 2.7802
3.59039, 0.512913, 2.7802
3.71862, 0.512913, 2.7802
3.84685, 0.512913, 2.7802
3.97508, 0.512913, 2.7802
4.1033, 0.512913, 2.7802
4.23153, 0.512913, 2.7802
4.35976, 0.512913, 2.7802
4.48799, 0.512913, 2.7802
4.61622, 0.512913, 2.7802
4.74445, 0.512913, 2.7802
4.87267, 0.512913, 2.7802
5.0009, 0.512913, 2.7802
5.12913, 0.512913, 2.7802
5.25736, 0.512913, 2.7802
5.38559, 0.512913, 2.7802
5.51382, 0.512913, 2.7802
5.64204, 0.512913, 2.7802
5.77027, 0.512913, 2.7802
5.8985, 0.512913, 2.7802
6.02673, 0.512913, 2.7802
6.15496, 0.512913, 2.7802
6.28319, 0.512913, 2.7802
0, 0.641141, 2.78
0.128228, 0.641141, 2.78
0.256457, 0.641141, 2.78
0.384685, 0.641141, 2.78
0.512913, 0.641141, 2.78
0.641141, 0.641141, 2.78
0.76937, 0.641141, 2.78
0.897598, 0.641141, 2.78
1.02583, 0.641141, 2.78
1.15405, 0.641141, 2.78
1.28228, 0.641141, 2.78
1.41051, 0.641141, 2.78
1.53874, 0.641141, 2.78
1.66697, 0.641141, 2.78
1.7952, 0.641141, 2.78
1.92342, 0.641141, 2.78
2.05165, 0.641141, 2.78
2.17988, 0.641141, 2.78
2.30811, 0.641141, 2.78
2.43634, 0.641141, 2.78
2.56457, 0.641141, 2.78
2.69279, 0.641141, 2.78
2.82102, 0.641141, 2.78
2.94925, 0.641141, 2.78
3.07748, 0.641141, 2.78
3.20571, 0.641141, 2.78
3.33394, 0.641141, 2.78
3.46216, 0.641141, 2.78
3.59039, 0.641141, 2.78
3.71862, 0.641141, 2.78
3.84685, 0.641141, 2.78
3.97508, 0.641141, 2.78
4.1033, 0.641141, 2.78
4.23153, 0.641141, 2.78
4.35976, 0.641141, 2.78
4.48799, 0.641141, 2.78
4.61622, 0.641141, 2.78
4.74445, 0.641141, 2.78
4.87267, 0.641141, 2.78
5.0009, 0.641141, 2.78
5.12913, 0.641141, 2.78
5.25736, 0.641141, 2.78
5.38559, 0.641141, 2.78
5.51382, 0.641141, 2.78
5.64204, 0.641141, 2.78
5.77027, 0.641141, 2.78
5.8985, 0.641141, 2.78
6.02673, 0.641141, 2.78
6.15496, 0.641141, 2.78
6.28319, 0.641141, 2.78
0, 0.76937, 2.77977
0.128228, 0.76937, 2.77977
0.256457, 0.76937, 2.77977
0.384685, 0.76937, 2.77977
0.512913, 0.76937, 2.77977
0.641141, 0.76937, 2.77977
0.76937, 0.76937, 2.77977
0.897598, 0.76937, 2.77977
1.02583, 0.76937, 2.77977
1.15405, 0.76937, 2.77977
1.28228, 0.76937, 2.77977
1.41051, 0.76937, 2.77977
1.53874, 0.76937, 2.77977
1.66697, 0.76937, 2.77977
1.7952, 0.76937, 2.77977
1.92342, 0.76937, 2.77977
2.05165, 0.76937, 2.77977
2.17988, 0.76937, 2.77977
2.30811, 0.76937, 2.77977
2.43634, 0.76937, 2.77977
2.56457, 0.76937, 2.77977
2.69279, 0.76937, 2.77977
2.82102, 0.76937, 2.77977
2.94925, 0.76937, 2.77977
3.07748, 0.76937, 2.77977
3.20571, 0.76937, 2.77977
3.33394, 0.76937, 2.77977
3.46216, 0.76937, 2.77977
3.59039, 0.76937, 2.77977
3.71862, 0.76937, 2.77977
3.84685, 0.76937, 2.77977
3.97508, 0.76937, 2.77977
4.1033, 0.76937, 2.77977
4.23153, 0.76937, 2.77977
4.35976, 0.76937, 2.77977
4.48799, 0.76937, 2.77977
4.61622, 0.76937, 2.77977
4.74445, 0.76937, 2.77977
4.87267, 0.76937, 2.77977
5.0009, 0.76937, 2.77977
5.12913, 0.76937, 2.77977
5.25736, 0.76937, 2.77977
5.38559, 0.76937, 2.77977
5.51382, 0.76937, 2.77977
5.64204, 0.76937, 2.77977
5.77027, 0.76937, 2.77977
5.8985, 0.76937, 2.77977
6.02673, 0.76937, 2.77977
6.15496, 0.76937, 2.77977
6.28319, 0.76937, 2.77977
0, 0.897598, 2.77951
0.128228, 0.897598, 2.77951
0.256457, 0.897598, 2.77951
0.384685, 0.897598, 2.77951
0.512913, 0.897598, 2.77951
0.641141, 0.897598, 2.77951
0.76937, 0.897598, 2.77951
0.897598, 0.897598, 2.77951
1.02583, 0.897598, 2.77951
1.15405, 0.897598, 2.77951
1.28228, 0.897598, 2.77951
1.41051, 0.897598, 2.77951
1.53874, 0.897598, 2.77951
1.66697, 0.897598, 2.77951
1.7952, 0.897598, 2.77951
1.92342, 0.897598, 2.77951
2.05165, 0.897598, 2.77951
2.17988, 0.897598, 2.77951
2.30811, 0.897598, 2.77951
2.43634, 0.897598, 2.77951
2.56457, 0.897598, 2.77951
2.69279, 0.897598, 2.77951
2.82102, 0.897598, 2.77951
2.94925, 0.897598, 2.77951
3.07748, 0.897598, 2.77951
3.20571, 0.897598, 2.77951
3.33394, 0.897598, 2.77951
3.46216, 0.897598, 2.77951
3.59039, 0.897598, 2.77951
3.71862, 0.897598, 2.77951
3.84685, 0.897598, 2.77951
3.97508, 0.897598, 2.77951
4.1033, 0.897598, 2.77951
4.23153, 0.897598, 2.77951
4.35976, 0.897598, 2.77951
4.48799, 0.897598, 2.77951
4.61622, 0.897598, 2.77951
4.74445, 0.897598, 2.77951
4.87267, 0.897598, 2.77951
5.0009, 0.897598, 2.77951
5.12913, 0.897598, 2.77951
5.25736, 0.897598, 2.77951
5.38559, 0.897598, 2.77951
5.51382, 0.897598, 2.77951
5.64204, 0.897598, 2.77951
5.77027, 0.897598, 2.77951
5.8985, 0.897598, 2.77951
6.02673, 0.897598, 2.77951
6.15496, 0.897598, 2.77951
6.28319, 0.897598, 2.77951
0, 1.02583, 2.77922
0.128228, 1.02583, 2.77922
0.256457, 1.02583, 2.77922
0.384685, 1.02583, 2.77922
0.512913, 1.02583, 2.77922
0.641141, 1.02583, 2.77922
0.76937, 1.02583, 2.77922
0.897598, 1.02583, 2.77922
1.02583, 1.02583, 2.77922
1.15405, 1.02583, 2.77922
1.28228, 1.02583, 2.77922
1.41051, 1.02583, 2.77922
1.53874, 1.02583, 2.77922
1.66697, 1.02583, 2.77922
1.7952, 1.02583, 2.77922
1.92342, 1.02583, 2.77922
2.05165, 1.02583, 2.77922
2.17988, 1.02583, 2.77922
2.30811, 1.02583, 2.77922
2.43634, 1.02583, 2.77922
2.56457, 1.02583, 2.77922
2.69279, 1.02583, 2.77922
2.82102, 1.02583, 2.77922
2.94925, 1.02583, 2.77922
3.07748, 1.02583, 2.77922
3.20571, 1.02583, 2.77922
3.33394, 1.02583, 2.77922
3.46216, 1.02583, 2.77922
3.59039, 1.02583, 2.77922
3.71862, 1.02583, 2.77922
3.84685, 1.02583, 2.77922
3.97508, 1.02583, 2.77922
4.1033, 1.02583, 2.77922
4.23153, 1.02583, 2.77922
4.35976, 1.02583, 2.77922
4.48799, 1.02583, 2.77922
4.61622, 1.02583, 2.77922
4.74445, 1.02583, 2.77922
4.87267, 1.02583, 2.77922
5.0009, 1.02583, 2.77922
5.12913, 1.02583, 2.77922
5.25736, 1.02583, 2.77922
5.38559, 1.02583, 2.77922
5.51382, 1.02583, 2.77922
5.64204, 1.02583, 2.77922
5.77027, 1.02583, 2.77922
5.8985, 1.02583, 2.77922
6.02673, 1.02583, 2.77922
6.15496, 1.02583, 2.77922
6.28319, 1.02583, 2.77922
0, 1.15405, 2.77891
0.128228, 1.15405, 2.77891
0.256457, 1.15405, 2.77891
0.384685, 1.15405, 2.77891
0.512913, 1.15405, 2.77891
0.641141, 1.15405, 2.77891
0.76937, 1.15405, 2.77891
0.897598, 1.15405, 2.77891
1.02583, 1.15405, 2.77891
1.15405, 1.15405, 2.77891
1.28228, 1.15405, 2.77891
1.41051, 1.15405, 2.77891
1.53874, 1.15405, 2.77891
1.66697, 1.15405, 2.77891
1.7952, 1.15405, 2.77891
1.92342, 1.15405, 2.77891
2.05165, 1.15405, 2.77891
2.17988, 1.15405, 2.77891
2.30811, 1.15405, 2.77891
2.43634, 1.15405, 2.77891
2.56457, 1.15405, 2.77891
2.69279, 1.15405, 2.77891
2.82102, 1.15405, 2.77891
2.94925, 1.15405, 2.77891
3.07748, 1.15405, 2.77891
3.20571, 1.15405, 2.77891
3.33394, 1.15405, 2.77891
3.46216, 1.15405, 2.77891
3.59039, 1.15405, 2.77891
3.71862, 1.15405, 2.77891
3.84685, 1.15405, 2.77891
3.97508, 1.15405, 2.77891
4.1033, 1.15405, 2.77891
4.23153, 1.15405, 2.77891
4.35976, 1.15405, 2.77891
4.48799, 1.15405, 2.77891
4.61622, 1.15405, 2.77891
4.74445, 1.15405, 2.77891
4.87267, 1.15405, 2.77891
5.0009, 1.15405, 2.77891
5.12913, 1.15405, 2.77891
5.25736, 1.15405, 2.77891
5.38559, 1.15405, 2.77891
5.51382, 1.15405, 2.77891
5.64204, 1.15405, 2.77891
5.77027, 1.15405, 2.77891
5.8985, 1.15405, 2.77891
6.02673, 1.15405, 2.77891
6.15496, 1.15405, 2.77891
6.28319, 1.15405, 2.77891
0, 1.28228, 2.77857
0.128228, 1.28228, 2.77857
0.256457, 1.28228, 2.77857
0.384685, 1.28228, 2.77857
0.512913, 1.28228, 2.77857
0.641141, 1.28228, 2.77857
0.76937, 1.28228, 2.77857
0.897598, 1.28228, 2.77857
1.02583, 1.28228, 2.77857
1.15405, 1.28228, 2.77857
1.28228, 1.28228, 2.77857
1.41051, 1.28228, 2.77857
1.53874, 1.28228, 2.77857
1.66697, 1.28228, 2.77857
1.7952, 1.28228, 2.77857
1.92342, 1.28228, 2.77857
2.05165, 1.28228, 2.77857
2.17988, 1.28228, 2.77857
2.30811, 1.28228, 2.77857
2.43634, 1.28228, 2.77857
2.56457, 1.28228, 2.77857
2.69279, 1.28228, 2.77857
2.82102, 1.28228, 2.77857
2.94925, 1.28228, 2.77857
3.07748, 1.28228, 2.77857
3.20571, 1.28228, 2.77857
3.33394, 1.28228, 2.77857
3.46216, 1.28228, 2.77857
3.59039, 1.28228, 2.77857
3.71862, 1.28228, 2.77857
3.84685, 1.28228, 2.77857
3.97508, 1.28228, 2.77857
4.1033, 1.28228, 2.77857
4.23153, 1.28228, 2.77857
4.35976, 1.28228, 2.77857
4.48799, 1.28228, 2.77857
4.61622, 1.28228, 2.77857
4.74445, 1.28228, 2.77857
4.87267, 1.28228, 2.77857
5.0009, 1.28228, 2.77857
5.12913, 1.28228, 2.77857
5.25736, 1.28228, 2.77857
5.38559, 1.28228, 2.77857
5.51382, 1.28228, 2.77857
5.64204, 1.28228, 2.77857
5.77027, 1.28228, 2.77857
5.8985, 1.28228, 2.77857
6.02673, 1.28228, 2.77857
6.15496, 1.28228, 2.77857
6.28319, 1.28228, 2.77857
0, 1.41051, 2.77823
0.128228, 1.41051, 2.77823
0.256457, 1.41051, 2.77823
0.384685, 1.41051, 2.77823
0.512913, 1.41051, 2.77823
0.641141, 1.41051, 2.77823
0.76937, 1.41051, 2.77823
0.897598, 1.41051, 2.77823
1.02583, 1.41051, 2.77823
1.15405, 1.41051, 2.77823
1.28228, 1.41051, 2.77823
1.41051, 1.41051, 2.77823
1.53874, 1.41051, 2.77823
1.66697, 1.41051, 2.77823
1.7952, 1.41051, 2.77823
1.92342, 1.41051, 2.77823
2.05165, 1.41051, 2.77823
2.17988, 1.41051, 2.77823
2.30811, 1.41051, 2.77823
2.43634, 1.41051, 2.77823
2.56457, 1.41051, 2.77823
2.69279, 1.41051, 2.77823
2.82102, 1.41051, 2.77823
2.94925, 1.41051, 2.77823
3.07748, 1.41051, 2.77823
3.20571, 1.41051, 2.77823
3.33394, 1.41051, 2.77823
3.46216, 1.41051, 2.77823
3.59039, 1.41051, 2.77823
3.71862, 1.41051, 2.77823
3.84685, 1.41051, 2.77823
3.97508, 1.41051, 2.77823
4.1033, 1.41051, 2.77823
4.23153, 1.41051, 2.77823
4.35976, 1.41051, 2.77823
4.48799, 1.41051, 2.77823
4.61622, 1.41051, 2.77823
4.74445, 1.41051, 2.77823
4.87267, 1.41051, 2.77823
5.0009, 1.41051, 2.77823
5.12913, 1.41051, 2.77823
5.25736, 1.41051, 2.77823
5.38559, 1.41051, 2.77823
5.51382, 1.41051, 2.77823
5.64204, 1.41051, 2.77823
5.77027, 1.41051, 2.77823
5.8985, 1.41051, 2.77823
6.02673, 1.41051, 2.77823
6.15496, 1.41051, 2.77823
6.28319, 1.41051, 2.77823
0, 1.53874, 2.77787
0.128228, 1.53874, 2.77787
0.256457, 1.53874, 2.77787
0.384685, 1.53874, 2.77787
0.512913, 1.53874, 2.77787
0.641141, 1.53874, 2.77787
0.76937, 1.53874, 2.77787
0.897598, 1.53874, 2.77787
1.02583, 1.53874, 2.77787
1.15405, 1.53874, 2.77787
1.28228, 1.53874, 2.77787
1.41051, 1.53874, 2.77787
1.53874, 1.53874, 2.77787
1.66697, 1.53874, 2.77787
1.7952, 1.53874, 2.77787
1.92342, 1.53874, 2.77787
2.05165, 1.53874, 2.77787
2.17988, 1.53874, 2.77787
2.30811, 1.53874, 2.77787
2.43634, 1.53874, 2.77787
2.56457, 1.53874, 2.77787
2.69279, 1.53874, 2.77787
2.82102, 1.53874, 2.77787
2.94925, 1.53874, 2.77787
3.07748, 1.53874, 2.77787
3.20571, 1.53874, 2.77787
3.33394, 1.53874, 2.77787
3.46216, 1.53874, 2.77787
3.59039, 1.53874, 2.77787
3.71862, 1.53874, 2.77787
3.84685, 1.53874, 2.77787
3.97508, 1.53874, 2.77787
4.1033, 1.53874, 2.77787
4.23153, 1.53874, 2.77787
4.35976, 1.53874, 2.77787
4.48799, 1.53874, 2.77787
4.61622, 1.53874, 2.77787
4.74445, 1.53874, 2.77787
4.87267, 1.53874, 2.77787
5.0009, 1.53874, 2.77787
5.12913, 1.53874, 2.77787
5.25736, 1.53874, 2.77787
5.38559, 1.53874, 2.77787
5.51382, 1.53874, 2.77787
5.64204, 1.53874, 2.77787
5.77027, 1.53874, 2.77787
5.8985, 1.53874, 2.77787
6.02673, 1.53874, 2.77787
6.15496, 1.53874, 2.77787
6.28319, 1.53874, 2.77787
0, 1.66697, 2.77752
0.128228, 1.66697, 2.77752
0.256457, 1.66697, 2.77752
0.384685, 1.66697, 2.77752
0.512913, 1.66697, 2.77752
0.641141, 1.66697, 2.77752
0.76937, 1.66697, 2.77752
0.897598, 1.66697, 2.77752
1.02583, 1.66697, 2.77752
1.15405, 1.66697, 2.77752
1.28228, 1.66697, 2.77752
1.41051, 1.66697, 2.77752
1.53874, 1.66697, 2.77752
1.66697, 1.66697, 2.77752
1.7952, 1.66697, 2.77752
1.92342, 1.66697, 2.77752
2.05165, 1.66697, 2.77752
2.17988, 1.66697, 2.77752
2.30811, 1.66697, 2.77752
2.43634, 1.66697, 2.77752
2.56457, 1.66697, 2.77752
2.69279, 1.66697, 2.77752
2.82102, 1.66697, 2.77752
2.94925, 1.66697, 2.77752
3.07748, 1.66697, 2.77752
3.20571, 1.66697, 2.77752
3.33394, 1.66697, 2.77752
3.46216, 1.66697, 2.77752
3.59039, 1.66697, 2.77752
3.71862, 1.66697, 2.77752
3.84685, 1.66697, 2.77752
3.97508, 1.66697, 2.77752
4.1033, 1.66697, 2.77752
4.23153, 1.66697, 2.77752
4.35976, 1.66697, 2.77752
4.48799, 1.66697, 2.77752
4.61622, 1.66697, 2.77752
4.74445, 1.66697, 2.77752
4.87267, 1.66697, 2.77752
5.0009, 1.66697, 2.77752
5.12913, 1.66697, 2.77752
5.25736, 1.66697, 2.77752
5.38559, 1.66697, 2.77752
5.51382, 1.66697, 2.77752
5.64204, 1.66697, 2.77752
5.77027, 1.66697, 2.77752
5.8985, 1.66697, 2.77752
6.02673, 1.66697, 2.77752
6.15496, 1.66697, 2.77752
6.28319, 1.66697, 2.77752
0, 1.7952, 2.77717
0.128228, 1.7952, 2.77717
0.256457, 1.7952, 2.77717
0.384685, 1.7952, 2.77717
0.512913, 1.7952, 2.77717
0.641141, 1.7952, 2.77717
0.76937, 1.7952, 2.77717
0.897598, 1.7952, 2.77717
1.02583, 1.7952, 2.77717
1.15405, 1.7952, 2.77717
1.28228, 1.7952, 2.77717
1.41051, 1.7952, 2.77717
1.53874, 1.7952, 2.77717
1.66697, 1.7952, 2.77717
1.7952, 1.7952, 2.77717
1.92342, 1.7952, 2.77717
2.05165, 1.7952, 2.77717
2.17988, 1.7952, 2.77717
2.30811, 1.7952, 2.77717
2.43634, 1.7952, 2.77717
2.56457, 1.7952, 2.77717
2.69279, 1.7952, 2.77717
2.82102, 1.7952, 2.77717
2.94925, 1.7952, 2.77717
3.07748, 1.7952, 2.77717
3.20571, 1.7952, 2.77717
3.33394, 1.7952, 2.77717
3.46216, 1.7952, 2.77717
3.59039, 1.7952, 2.77717
3.71862, 1.7952, 2.77717
3.84685, 1.7952, 2.77717
3.97508, 1.7952, 2.77717
4.1033, 1.7952, 2.77717
4.23153, 1.7952, 2.77717
4.35976, 1.7952, 2.77717
4.48799, 1.7952, 2.77717
4.61622, 1.7952, 2.77717
4.74445, 1.7952, 2.77717
4.87267, 1.7952, 2.77717
5.0009, 1.7952, 2.77717
5.12913, 1.7952, 2.77717
5.25736, 1.7952, 2.77717
5.38559, 1.7952, 2.77717
5.51382, 1.7952, 2.77717
5.64204, 1.7952, 2.77717
5.77027, 1.7952, 2.77717
5.8985, 1.7952, 2.77717
6.02673, 1.7952, 2.77717
6.15496, 1.7952, 2.77717
6.28319, 1.7952, 2.77717
0, 1.92342, 2.77682
0.128228, 1.92342, 2.77682
0.256457, 1.92342, 2.77682
0.384685, 1.92342, 2.77682
0.512913, 1.92342, 2.77682
0.641141, 1.92342, 2.77682
0.76937, 1.92342, 2.77682
0.897598, 1.92342, 2.77682
1.02583, 1.92342, 2.77682
1.15405, 1.92342, 2.77682
1.28228, 1.92342, 2.77682
1.41051, 1.92342, 2.77682
1.53874, 1.92342, 2.77682
1.66697, 1.92342, 2.77682
1.7952, 1.92342, 2.77682
1.92342, 1.92342, 2.77682
2.05165, 1.92342, 2.77682
2.17988, 1.92342, 2.77682
2.30811, 1.92342, 2.77682
2.43634, 1.92342, 2.77682
2.56457, 1.92342, 2.77682
2.69279, 1.92342, 2.77682
2.82102, 1.92342, 2.77682
2.94925, 1.92342, 2.77682
3.07748, 1.92342, 2.77682
3.20571, 1.92342, 2.77682
3.33394, 1.92342, 2.77682
3.46216, 1.92342, 2.77682
3.59039, 1.92342, 2.77682
3.71862, 1.92342, 2.77682
3.84685, 1.92342, 2.77682
3.97508, 1.92342, 2.77682
4.1033, 1.92342, 2.77682
4.23153, 1.92342, 2.77682
4.35976, 1.92342, 2.77682
4.48799, 1.92342, 2.77682
4.61622, 1.92342, 2.77682
4.74445, 1.92342, 2.77682
4.87267, 1.92342, 2.77682
5.0009, 1.92342, 2.77682
5.12913, 1.92342, 2.77682
5.25736, 1.92342, 2.77682
5.38559, 1.92342, 2.77682
5.51382, 1.92342, 2.77682
5.64204, 1.92342, 2.77682
5.77027, 1.92342, 2.77682
5.8985, 1.92342, 2.77682
6.02673, 1.92342, 2.77682
6.15496, 1.92342, 2.77682
6.28319, 1.92342, 2.77682
0, 2.05165, 2.7765
0.128228, 2.05165, 2.7765
0.256457, 2.05165, 2.7765
0.384685, 2.05165, 2.7765
0.512913, 2.05165, 2.7765
0.641141, 2.05165, 2.7765
0.76937, 2.05165, 2.7765
0.897598, 2.05165, 2.7765
1.02583, 2.05165, 2.7765
1.15405, 2.05165, 2.7765
1.28228, 2.05165, 2.7765
1.41051, 2.05165, 2.7765
1.53874, 2.05165, 2.7765
1.66697, 2.05165, 2.7765
1.7952, 2.05165, 2.7765
1.92342, 2.05165, 2.7765
2.05165, 2.05165, 2.7765
2.17988, 2.05165, 2.7765
2.30811, 2.05165, 2.7765
2.43634, 2.05165, 2.7765
2.56457, 2.05165, 2.7765
2.69279, 2.05165, 2.7765
2.82102, 2.05165, 2.7765
2.94925, 2.05165, 2.7765
3.07748, 2.05165, 2.7765
3.20571, 2.05165, 2.7765
3.33394, 2.05165, 2.7765
3.46216, 2.05165, 2.7765
3.59039, 2.05165, 2.7765
3.71862, 2.05165, 2.7765
3.84685, 2.05165, 2.7765
3.97508, 2.05165, 2.7765
4.1033, 2.05165, 2.7765
4.23153, 2.05165, 2.7765
4.35976, 2.05165, 2.7765
4.48799, 2.05165, 2.7765
4.61622, 2.05165, 2.7765
4.74445, 2.05165, 2.7765
4.87267, 2.05165, 2.7765
5.0009, 2.05165, 2.7765
5.12913, 2.05165, 2.7765
5.25736, 2.05165, 2.7765
5.38559, 2.05165, 2.7765
5.51382, 2.05165, 2.7765
5.64204, 2.05165, 2.7765
5.77027, 2.05165, 2.7765
5.8985, 2.05165, 2.7765
6.02673, 2.05165, 2.7765
6.15496, 2.05165, 2.7765
6.28319, 2.05165, 2.7765
0, 2.17988, 2.77619
0.128228, 2.17988, 2.77619
0.256457, 2.17988, 2.77619
0.384685, 2.17988, 2.77619
0.512913, 2.17988, 2.77619
0.641141, 2.17988, 2.77619
0.76937, 2.17988, 2.77619
0.897598, 2.17988, 2.77619
1.02583, 2.17988, 2.77619
1.15405, 2.17988, 2.77619
1.28228, 2.17988, 2.77619
1.41051, 2.17988, 2.77619
1.53874, 2.17988, 2.77619
1.66697, 2.17988, 2.77619
1.7952, 2.17988, 2.77619
1.92342, 2.17988, 2.77619
2.05165, 2.17988, 2.77619
2.17988, 2.17988, 2.77619
2.30811, 2.17988, 2.77619
2.43634, 2.17988, 2.77619
2.56457, 2.17988, 2.77619
2.69279, 2.17988, 2.77619
2.82102, 2.17988, 2.77619
2.94925, 2.17988, 2.77619
3.07748, 2.17988, 2.77619
3.20571, 2.17988, 2.77619
3.33394, 2.17988, 2.77619
3.46216, 2.17988, 2.77619
3.59039, 2.17988, 2.77619
3.71862, 2.17988, 2.77619
3.84685, 2.17988, 2.77619
3.97508, 2.17988, 2.77619
4.1033, 2.17988, 2.77619
4.23153, 2.17988, 2.77619
4.35976, 2.17988, 2.77619
4.48799, 2.17988, 2.77619
4.61622, 2.17988, 2.77619
4.74445, 2.17988, 2.77619
4.87267, 2.17988, 2.77619
5.0009, 2.17988, 2.77619
5.12913, 2.17988, 2.77619
5.25736, 2.17988, 2.77619
5.38559, 2.17988, 2.77619
5.51382, 2.17988, 2.77619
5.64204, 2.17988, 2.77619
5.77027, 2.17988, 2.77619
5.8985, 2.17988, 2.77619
6.02673, 2.17988, 2.77619
6.15496, 2.17988, 2.77619
6.28319, 2.17988, 2.77619
0, 2.30811, 2.77591
0.128228, 2.30811, 2.77591
0.256457, 2.30811, 2.77591
0.384685, 2.30811, 2.77591
0.512913, 2.30811, 2.77591
0.641141, 2.30811, 2.77591
0.76937, 2.30811, 2.77591
0.897598, 2.30811, 2.77591
1.02583, 2.30811, 2.77591
1.15405, 2.30811, 2.77591
1.28228, 2.30811, 2.77591
1.41051, 2.30811, 2.77591
1.53874, 2.30811, 2.77591
1.66697, 2.30811, 2.77591
1.7952, 2.30811, 2.77591
1.92342, 2.30811, 2.77591
2.05165, 2.30811, 2.77591
2.17988, 2.30811, 2.77591
2.30811, 2.30811, 2.77591
2.43634, 2.30811, 2.77591
2.56457, 2.30811, 2.77591
2.69279, 2.30811, 2.77591
2.82102, 2.30811, 2.77591
2.94925, 2.30811, 2.77591
3.07748, 2.30811, 2.77591
3.20571, 2.30811, 2.77591
3.33394, 2.30811, 2.77591
3.46216, 2.30811, 2.77591
3.59039, 2.30811, 2.77591
3.71862, 2.30811, 2.77591
3.84685, 2.30811, 2.77591
3.97508, 2.30811, 2.77591
4.1033, 2.30811, 2.77591
4.23153, 2.30811, 2.77591
4.35976, 2.30811, 2.77591
4.48799, 2.30811, 2.77591
4.61622, 2.30811, 2.77591
4.74445, 2.30811, 2.77591
4.87267, 2.30811, 2.77591
5.0009, 2.30811, 2.77591
5.12913, 2.30811, 2.77591
5.25736, 2.30811, 2.77591
5.38559, 2.30811, 2.77591
5.51382, 2.30811, 2.77591
5.64204, 2.30811, 2.77591
5.77027, 2.30811, 2.77591
5.8985, 2.30811, 2.77591
6.02673, 2.30811, 2.77591
6.15496, 2.30811, 2.77591
6.28319, 2.30811, 2.77591
0, 2.43634, 2.77566
0.128228, 2.43634, 2.77566
0.256457, 2.43634, 2.77566
0.384685, 2.43634, 2.77566
0.512913, 2.43634, 2.77566
0.641141, 2.43634, 2.77566
0.76937, 2.43634, 2.77566
0.897598, 2.43634, 2.77566
1.02583, 2.43634, 2.77566
1.15405, 2.43634, 2.77566
1.28228, 2.43634, 2.77566
1.41051, 2.43634, 2.77566
1.53874, 2.43634, 2.77566
1.66697, 2.43634, 2.77566
1.7952, 2.43634, 2.77566
1.92342, 2.43634, 2.77566
2.05165, 2.43634, 2.77566
2.17988, 2.43634, 2.77566
2.30811, 2.43634, 2.77566
2.43634, 2.43634, 2.77566
2.56457, 2.43634, 2.77566
2.69279, 2.43634, 2.77566
2.82102, 2.43634, 2.77566
2.94925, 2.43634, 2.77566
3.07748, 2.43634, 2.77566
3.20571, 2.43634, 2.77566
3.33394, 2.43634, 2.77566
3.46216, 2.43634, 2.77566
3.59039, 2.43634, 2.77566
3.71862, 2.43634, 2.77566
3.84685, 2.43634, 2.77566
3.97508, 2.43634, 2.77566
4.1033, 2.43634, 2.77566
4.23153, 2.43634, 2.77566
4.35976, 2.43634, 2.77566
4.48799, 2.43634, 2.77566
4.61622, 2.43634, 2.77566
4.74445, 2.43634, 2.77566
4.87267, 2.43634, 2.77566
5.0009, 2.43634, 2.77566
5.12913, 2.43634, 2.77566
5.25736, 2.43634, 2.77566
5.38559, 2.43634, 2.77566
5.51382, 2.43634, 2.77566
5.64204, 2.43634, 2.77566
5.77027, 2.43634, 2.77566
5.8985, 2.43634, 2.77566
6.02673, 2.43634, 2.77566
6.15496, 2.43634, 2.77566
6.28319, 2.43634, 2.77566
0, 2.56457, 2.77545
0.128228, 2.56457, 2.77545
0.256457, 2.56457, 2.77545
0.384685, 2.56457, 2.77545
0.512913, 2.56457, 2.77545
0.641141, 2.56457, 2.77545
0.76937, 2.56457, 2.77545
0.897598, 2.56457, 2.77545
1.02583, 2.56457, 2.77545
1.15405, 2.56457, 2.77545
1.28228, 2.56457, 2.77545
1.41051, 2.56457, 2.77545
1.53874, 2.56457, 2.77545
1.66697, 2.56457, 2.77545
1.7952, 2.56457, 2.77545
1.92342, 2.56457, 2.77545
2.05165, 2.56457, 2.77545
2.17988, 2.56457, 2.77545
2.30811, 2.56457, 2.77545
2.43634, 2.56457, 2.77545
2.56457, 2.56457, 2.77545
2.69279, 2.56457, 2.77545
2.82102, 2.56457, 2.77545
2.94925, 2.56457, 2.77545
3.07748, 2.56457, 2.77545
3.20571, 2.56457, 2.77545
3.33394, 2.56457, 2.77545
3.46216, 2.56457, 2.77545
3.59039, 2.56457, 2.77545
3.71862, 2.56457, 2.77545
3.84685, 2.56457, 2.77545
3.97508, 2.56457, 2.77545
4.1033, 2.56457, 2.77545
4.23153, 2.56457, 2.77545
4.35976, 2.56457, 2.77545
4.48799, 2.56457, 2.77545
4.61622, 2.56457, 2.77545
4.74445, 2.56457, 2.77545
4.87267, 2.56457, 2.77545
5.0009, 2.56457, 2.77545
5.12913, 2.56457, 2.77545
5.25736, 2.56457, 2.77545
5.38559, 2.56457, 2.77545
5.51382, 2.56457, 2.77545
5.64204, 2.56457, 2.77545
5.77027, 2.56457, 2.77545
5.8985, 2.56457, 2.77545
6.02673, 2.56457, 2.77545
6.15496, 2.56457, 2.77545
6.28319, 2.56457, 2.77545
0, 2.69279, 2.77527
0.128228, 2.69279, 2.77527
0.256457, 2.69279, 2.77527
0.384685, 2.69279, 2.77527
0.512913, 2.69279, 2.77527
0.641141, 2.69279, 2.77527
0.76937, 2.69279, 2.77527
0.897598, 2.69279, 2.77527
1.02583, 2.69279, 2.77527
1.15405, 2.69279, 2.77527
1.28228, 2.69279, 2.77527
1.41051, 2.69279, 2.77527
1.53874, 2.69279, 2.77527
1.66697, 2.69279, 2.77527
1.7952, 2.69279, 2.77527
1.92342, 2.69279, 2.77527
2.05165, 2.69279, 2.77527
2.17988, 2.69279, 2.77527
2.30811, 2.69279, 2.77527
2.43634, 2.69279, 2.77527
2.56457, 2.69279, 2.77527
2.69279, 2.69279, 2.77527
2.82102, 2.69279, 2.77527
2.94925, 2.69279, 2.77527
3.07748, 2.69279, 2.77527
3.20571, 2.69279, 2.77527
3.33394, 2.69279, 2.77527
3.46216, 2.69279, 2.77527
3.59039, 2.69279, 2.77527
3.71862, 2.69279, 2.77527
3.84685, 2.69279, 2.77527
3.97508, 2.69279, 2.77527
4.1033, 2.69279, 2.77527
4.23153, 2.69279, 2.77527
4.35976, 2.69279, 2.77527
4.48799, 2.69279, 2.77527
4.61622, 2.69279, 2.77527
4.74445, 2.69279, 2.77527
4.87267, 2.69279, 2.77527
5.0009, 2.69279, 2.77527
5.12913, 2.69279, 2.77527
5.25736, 2.69279, 2.77527
5.38559, 2.69279, 2.77527
5.51382, 2.69279, 2.77527
5.64204, 2.69279, 2.77527
5.77027, 2.69279, 2.77527
5.8985, 2.69279, 2.77527
6.02673, 2.69279, 2.77527
6.15496, 2.69279, 2.77527
6.28319, 2.69279, 2.77527
0, 2.82102, 2.77514
0.128228, 2.82102, 2.77514
0.256457, 2.82102, 2.77514
0.384685, 2.82102, 2.77514
0.512913, 2.82102, 2.77514
0.641141, 2.82102, 2.77514
0.76937, 2.82102, 2.77514
0.897598, 2.82102, 2.77514
1.02583, 2.82102, 2.77514
1.15405, 2.82102, 2.77514
1.28228, 2.82102, 2.77514
1.41051, 2.82102, 2.77514
1.53874, 2.82102, 2.77514
1.66697, 2.82102, 2.77514
1.7952, 2.82102, 2.77514
1.92342, 2.82102, 2.77514
2.05165, 2.82102, 2.77514
2.17988, 2.82102, 2.77514
2.30811, 2.82102, 2.77514
2.43634, 2.82102, 2.77514
2.56457, 2.82102, 2.77514
2.69279, 2.82102, 2.77514
2.82102, 2.82102, 2.77514
2.94925, 2.82102, 2.77514
3.07748, 2.82102, 2.77514
3.20571, 2.82102, 2.77514
3.33394, 2.82102, 2.77514
3.46216, 2.82102, 2.77514
3.59039, 2.82102, 2.77514
3.71862, 2.82102, 2.77514
3.84685, 2.82102, 2.77514
3.97508, 2.82102, 2.77514
4.1033, 2.82102, 2.77514
4.23153, 2.82102, 2.77514
4.35976, 2.82102, 2.77514
4.48799, 2.82102, 2.77514
4.61622, 2.82102, 2.77514
4.74445, 2.82102, 2.77514
4.87267, 2.82102, 2.77514
5.0009, 2.82102, 2.77514
5.12913, 2.82102, 2.77514
5.25736, 2.82102, 2.77514
5.38559, 2.82102, 2.77514
5.51382, 2.82102, 2.77514
5.64204, 2.82102, 2.77514
5.77027, 2.82102, 2.77514
5.8985, 2.82102, 2.77514
6.02673, 2.82102, 2.77514
6.15496, 2.82102, 2.77514
6.28319, 2.82102, 2.77514
0, 2.94925, 2.77505
0.128228, 2.94925, 2.77505
0.256457, 2.94925, 2.77505
0.384685, 2.94925, 2.77505
0.512913, 2.94925, 2.77505
0.641141, 2.94925, 2.77505
0.76937, 2.94925, 2.77505
0.897598, 2.94925, 2.77505
1.02583, 2.94925, 2.77505
1.15405, 2.94925, 2.77505
1.28228, 2.94925, 2.77505
1.41051, 2.94925, 2.77505
1.53874, 2.94925, 2.77505
1.66697, 2.94925, 2.77505
1.7952, 2.94925, 2.77505
1.92342, 2.94925, 2.77505
2.05165, 2.94925, 2.77505
2.17988, 2.94925, 2.77505
2.30811, 2.94925, 2.77505
2.43634, 2.94925, 2.77505
2.56457, 2.94925, 2.77505
2.69279, 2.94925, 2.77505
2.82102, 2.94925, 2.77505
2.94925, 2.94925, 2.77505
3.07748, 2.94925, 2.77505
3.20571, 2.94925, 2.77505
3.33394, 2.94925, 2.77505
3.46216, 2.94925, 2.77505
3.59039, 2.94925, 2.77505
3.71862, 2.94925, 2.77505
3.84685, 2.94925, 2.77505
3.97508, 2.94925, 2.77505
4.1033, 2.94925, 2.77505
4.23153, 2.94925, 2.77505
4.35976, 2.94925, 2.77505
4.48799, 2.94925, 2.77505
4.61622, 2.94925, 2.77505
4.74445, 2.94925, 2.77505
4.87267, 2.94925, 2.77505
5.0009, 2.94925, 2.77505
5.12913, 2.94925, 2.77505
5.25736, 2.94925, 2.77505
5.38559, 2.94925, 2.77505
5.51382, 2.94925, 2.77505
5.64204, 2.94925, 2.77505
5.77027, 2.94925, 2.77505
5.8985, 2.94925, 2.77505
6.02673, 2.94925, 2.77505
6.15496, 2.94925, 2.77505
6.28319, 2.94925, 2.77505
0, 3.07748, 2.775
0.128228, 3.07748, 2.775
0.256457, 3.07748, 2.775
0.384685, 3.07748, 2.775
0.512913, 3.07748, 2.775
0.641141, 3.07748, 2.775
0.76937, 3.07748, 2.775
0.897598, 3.07748, 2.775
1.02583, 3.07748, 2.775
1.15405, 3.07748, 2.775
1.28228, 3.07748, 2.775
1.41051, 3.07748, 2.775
1.53874, 3.07748, 2.775
1.66697, 3.07748, 2.775
1.7952, 3.07748, 2.775
1.92342, 3.07748, 2.775
2.05165, 3.07748, 2.775
2.17988, 3.07748, 2.775
2.30811, 3.07748, 2.775
2.43634, 3.07748, 2.775
2.56457, 3.07748, 2.775
2.69279, 3.07748, 2.775
2.82102, 3.07748, 2.775
2.94925, 3.07748, 2.775
3.07748, 3.07748, 2.775
3.20571, 3.07748, 2.775
3.33394, 3.07748, 2.775
3.46216, 3.07748, 2.775
3.59039, 3.07748, 2.775
3.71862, 3.07748, 2.775
3.84685, 3.07748, 2.775
3.97508, 3.07748, 2.775
4.1033, 3.07748, 2.775
4.23153, 3.07748, 2.775
4.35976, 3.07748, 2.775
4.48799, 3.07748, 2.775
4.61622, 3.07748, 2.775
4.74445, 3.07748, 2.775
4.87267, 3.07748, 2.775
5.0009, 3.07748, 2.775
5.12913, 3.07748, 2.775
5.25736, 3.07748, 2.775
5.38559, 3.07748, 2.775
5.51382, 3.07748, 2.775
5.64204, 3.07748, 2.775
5.77027, 3.07748, 2.775
5.8985, 3.07748, 2.775
6.02673, 3.07748, 2.775
6.15496, 3.07748, 2.775
6.28319, 3.07748, 2.775
0, 3.20571, 2.775
0.128228, 3.20571, 2.775
0.256457, 3.20571, 2.775
0.384685, 3.20571, 2.775
0.512913, 3.20571, 2.775
0.641141, 3.20571, 2.775
0.76937, 3.20571, 2.775
0.897598, 3.20571, 2.775
1.02583, 3.20571, 2.775
1.15405, 3.20571, 2.775
1.28228, 3.20571, 2.775
1.41051, 3.20571, 2.775
1.53874, 3.20571, 2.775
1.66697, 3.20571, 2.775
1.7952, 3.20571, 2.775
1.92342, 3.20571, 2.775
2.05165, 3.20571, 2.775
2.17988, 3.20571, 2.775
2.30811, 3.20571, 2.775
2.43634, 3.20571, 2.775
2.56457, 3.20571, 2.775
2.69279, 3.20571, 2.775
2.82102, 3.20571, 2.775
2.94925, 3.20571, 2.775
3.07748, 3.20571, 2.775
3.20571, 3.20571, 2.775
3.33394, 3.20571, 2.775
3.46216, 3.20571, 2.775
3.59039, 3.20571, 2.775
3.71862, 3.20571, 2.775
3.84685, 3.20571, 2.775
3.97508, 3.20571, 2.775
4.1033, 3.20571, 2.775
4.23153, 3.20571, 2.775
4.35976, 3.20571, 2.775
4.48799, 3.20571, 2.775
4.61622, 3.20571, 2.775
4.74445, 3.20571, 2.775
4.87267, 3.20571, 2.775
5.0009, 3.20571, 2.775
5.12913, 3.20571, 2.775
5.25736, 3.20571, 2.775
5.38559, 3.20571, 2.775
5.51382, 3.20571, 2.775
5.64204, 3.20571, 2.775
5.77027, 3.20571, 2.775
5.8985, 3.20571, 2.775
6.02673, 3.20571, 2.775
6.15496, 3.20571, 2.775
6.28319, 3.20571, 2.775
0, 3.33394, 2.77505
0.128228, 3.33394, 2.77505
0.256457, 3.33394, 2.77505
0.384685, 3.33394, 2.77505
0.512913, 3.33394, 2.77505
0.641141, 3.33394, 2.77505
0.76937, 3.33394, 2.77505
0.897598, 3.33394, 2.77505
1.02583, 3.33394, 2.77505
1.15405, 3.33394, 2.77505
1.28228, 3.33394, 2.77505
1.41051, 3.33394, 2.77505
1.53874, 3.33394, 2.77505
1.66697, 3.33394, 2.77505
1.7952, 3.33394, 2.77505
1.92342, 3.33394, 2.77505
2.05165, 3.33394, 2.77505
2.17988, 3.33394, 2.77505
2.30811, 3.33394, 2.77505
2.43634, 3.33394, 2.77505
2.56457, 3.33394, 2.77505
2.69279, 3.33394, 2.77505
2.82102, 3.33394, 2.77505
2.94925, 3.33394, 2.77505
3.07748, 3.33394, 2.77505
3.20571, 3.33394, 2.77505
3.33394, 3.33394, 2.77505
3.46216, 3.33394, 2.77505
3.59039, 3.33394, 2.77505
3.71862, 3.33394, 2.77505
3.84685, 3.33394, 2.77505
3.97508, 3.33394, 2.77505
4.1033, 3.33394, 2.77505
4.23153, 3.33394, 2.77505
4.35976, 3.33394, 2.77505
4.48799, 3.33394, 2.77505
4.61622, 3.33394, 2.77505
4.74445, 3.33394, 2.77505
4.87267, 3.33394, 2.77505
5.0009, 3.33394, 2.77505
5.12913, 3.33394, 2.77505
5.25736, 3.33394, 2.77505
5.38559, 3.33394, 2.77505
5.51382, 3.33394, 2.77505
5.64204, 3.33394, 2.77505
5.77027, 3.33394, 2.77505
5.8985, 3.33394, 2.77505
6.02673, 3.33394, 2.77505
6.15496, 3.33394, 2.77505
6.28319, 3.33394, 2.77505
0, 3.46216, 2.77514
0.128228, 3.46216, 2.77514
0.256457, 3.46216, 2.77514
0.384685, 3.46216, 2.77514
0.512913, 3.46216, 2.77514
0.641141, 3.46216, 2.77514
0.76937, 3.46216, 2.77514
0.897598, 3.46216, 2.77514
1.02583, 3.46216, 2.77514
1.15405, 3.46216, 2.77514
1.28228, 3.46216, 2.77514
1.41051, 3.46216, 2.77514
1.53874, 3.46216, 2.77514
1.66697, 3.46216, 2.77514
1.7952, 3.46216, 2.77514
1.92342, 3.46216, 2.77514
2.05165, 3.46216, 2.77514
2.17988, 3.46216, 2.77514
2.30811, 3.46216, 2.77514
2.43634, 3.46216, 2.77514
2.56457, 3.46216, 2.77514
2.69279, 3.46216, 2.77514
2.82102, 3.46216, 2.77514
2.94925, 3.46216, 2.77514
3.07748, 3.46216, 2.77514
3.20571, 3.46216, 2.77514
3.33394, 3.46216, 2.77514
3.46216, 3.46216, 2.77514
3.59039, 3.46216, 2.77514
3.71862, 3.46216, 2.77514
3.84685, 3.46216, 2.77514
3.97508, 3.46216, 2.77514
4.1033, 3.46216, 2.77514
4.23153, 3.46216, 2.77514
4.35976, 3.46216, 2.77514
4.48799, 3.46216, 2.77514
4.61622, 3.46216, 2.77514
4.74445, 3.46216, 2.77514
4.87267, 3.46216, 2.77514
5.0009, 3.46216, 2.77514
5.12913, 3.46216, 2.77514
5.25736, 3.46216, 2.77514
5.38559, 3.46216, 2.77514
5.51382, 3.46216, 2.77514
5.64204, 3.46216, 2.77514
5.77027, 3.46216, 2.77514
5.8985, 3.46216, 2.77514
6.02673, 3.46216, 2.77514
6.15496, 3.46216, 2.77514
6.28319, 3.46216, 2.77514
0, 3.59039, 2.77527
0.128228, 3.59039, 2.77527
0.256457, 3.59039, 2.77527
0.384685, 3.59039, 2.77527
0.512913, 3.59039, 2.77527
0.641141, 3.59039, 2.77527
0.76937, 3.59039, 2.77527
0.897598, 3.59039, 2.77527
1.02583, 3.59039, 2.77527
1.15405, 3.59039, 2.77527
1.28228, 3.59039, 2.77527
1.41051, 3.59039, 2.77527
1.53874, 3.59039, 2.77527
1.66697, 3.59039, 2.77527
1.7952, 3.59039, 2.77527
1.92342, 3.59039, 2.77527
2.05165, 3.59039, 2.77527
2.17988, 3.59039, 2.77527
2.30811, 3.59039, 2.77527
2.43634, 3.59039, 2.77527
2.56457, 3.59039, 2.77527
2.69279, 3.59039, 2.77527
2.82102, 3.59039, 2.77527
2.94925, 3.59039, 2.77527
3.07748, 3.59039, 2.77527
3.20571, 3.59039, 2.77527
3.33394, 3.59039, 2.77527
3.46216, 3.59039, 2.77527
3.59039, 3.59039, 2.77527
3.71862, 3.59039, 2.77527
3.84685, 3.59039, 2.77527
3.97508, 3.59039, 2.77527
4.1033, 3.59039, 2.77527
4.23153, 3.59039, 2.77527
4.35976, 3.59039, 2.77527
4.48799, 3.59039, 2.77527
4.61622, 3.59039, 2.77527
4.74445, 3.59039, 2.77527
4.87267, 3.59039, 2.77527
5.0009, 3.59039, 2.77527
5.12913, 3.59039, 2.77527
5.25736, 3.59039, 2.77527
5.38559, 3.59039, 2.77527
5.51382, 3.59039, 2.77527
5.64204, 3.59039, 2.77527
5.77027, 3.59039, 2.77527
5.8985, 3.59039, 2.77527
6.02673, 3.59039, 2.77527
6.15496, 3.59039, 2.77527
6.28319, 3.59039, 2.77527
0, 3.71862, 2.77545
0.128228, 3.71862, 2.77545
0.256457, 3.71862, 2.77545
0.384685, 3.71862, 2.77545
0.512913, 3.71862, 2.77545
0.641141, 3.71862, 2.77545
0.76937, 3.71862, 2.77545
0.897598, 3.71862, 2.77545
1.02583, 3.71862, 2.77545
1.15405, 3.71862, 2.77545
1.28228, 3.71862, 2.77545
1.41051, 3.71862, 2.77545
1.53874, 3.71862, 2.77545
1.66697, 3.71862, 2.77545
1.7952, 3.71862, 2.77545
1.92342, 3.71862, 2.77545
2.05165, 3.71862, 2.77545
2.17988, 3.71862, 2.77545
2.30811, 3.71862, 2.77545
2.43634, 3.71862, 2.77545
2.56457, 3.71862, 2.77545
2.69279, 3.71862, 2.77545
2.82102, 3.71862, 2.77545
2.94925, 3.71862, 2.77545
3.07748, 3.71862, 2.77545
3.20571, 3.71862, 2.77545
3.33394, 3.71862, 2.77545
3.46216, 3.71862, 2.77545
3.59039, 3.71862, 2.77545
3.71862, 3.71862, 2.77545
3.84685, 3.71862, 2.77545
3.97508, 3.71862, 2.77545
4.1033, 3.71862, 2.77545
4.23153, 3.71862, 2.77545
4.35976, 3.71862, 2.77545
4.48799, 3.71862, 2.77545
4.61622, 3.71862, 2.77545
4.74445, 3.71862, 2.77545
4.87267, 3.71862, 2.77545
5.0009, 3.71862, 2.77545
5.12913, 3.71862, 2.77545
5.25736, 3.71862, 2.77545
5.38559, 3.71862, 2.77545
5.51382, 3.71862, 2.77545
5.64204, 3.71862, 2.77545
5.77027, 3.71862, 2.77545
5.8985, 3.71862, 2.77545
6.02673, 3.71862, 2.77545
6.15496, 3.71862, 2.77545
6.28319, 3.71862, 2.77545
0, 3.84685, 2.77566
0.128228, 3.84685, 2.77566
0.256457, 3.84685, 2.77566
0.384685, 3.84685, 2.77566
0.512913, 3.84685, 2.77566
0.641141, 3.84685, 2.77566
0.76937, 3.84685, 2.77566
0.897598, 3.84685, 2.77566
1.02583, 3.84685, 2.77566
1.15405, 3.84685, 2.77566
1.28228, 3.84685, 2.77566
1.41051, 3.84685, 2.77566
1.53874, 3.84685, 2.77566
1.66697, 3.84685, 2.77566
1.7952, 3.84685, 2.77566
1.92342, 3.84685, 2.77566
2.05165, 3.84685, 2.77566
2.17988, 3.84685, 2.77566
2.30811, 3.84685, 2.77566
2.43634, 3.84685, 2.77566
2.56457, 3.84685, 2.77566
2.69279, 3.84685, 2.77566
2.82102, 3.84685, 2.77566
2.94925, 3.84685, 2.77566
3.07748, 3.84685, 2.77566
3.20571, 3.84685, 2.77566
3.33394, 3.84685, 2.77566
3.46216, 3.84685, 2.77566
3.59039, 3.84685, 2.77566
3.71862, 3.84685, 2.77566
3.84685, 3.84685, 2.77566
3.97508, 3.84685, 2.77566
4.1033, 3.84685, 2.77566
4.23153, 3.84685, 2.77566
4.35976, 3.84685, 2.77566
4.48799, 3.84685, 2.77566
4.61622, 3.84685, 2.77566
4.74445, 3.84685, 2.77566
4.87267, 3.84685, 2.77566
5.0009, 3.84685, 2.77566
5.12913, 3.84685, 2.77566
5.25736, 3.84685, 2.77566
5.38559, 3.84685, 2.77566
5.51382, 3.84685, 2.77566
5.64204, 3.84685, 2.77566
5.77027, 3.84685, 2.77566
5.8985, 3.84685, 2.77566
6.02673, 3.84685, 2.77566
6.15496, 3.84685, 2.77566
6.28319, 3.84685, 2.77566
0, 3.97508, 2.77591
0.128228, 3.97508, 2.77591
0.256457, 3.97508, 2.77591
0.384685, 3.97508, 2.77591
0.512913, 3.97508, 2.77591
0.641141, 3.97508, 2.77591
0.76937, 3.97508, 2.77591
0.897598, 3.97508, 2.77591
1.02583, 3.97508, 2.77591
1.15405, 3.97508, 2.77591
1.28228, 3.97508, 2.77591
1.41051, 3.97508, 2.77591
1.53874, 3.97508, 2.77591
1.66697, 3.97508, 2.77591
1.7952, 3.97508, 2.77591
1.92342, 3.97508, 2.77591
2.05165, 3.97508, 2.77591
2.17988, 3.97508, 2.77591
2.30811, 3.97508, 2.77591
2.43634, 3.97508, 2.77591
2.56457, 3.97508, 2.77591
2.69279, 3.97508, 2.77591
2.82102, 3.97508, 2.77591
2.94925, 3.97508, 2.77591
3.07748, 3.97508, 2.77591
3.20571, 3.97508, 2.77591
3.33394, 3.97508, 2.77591
3.46216, 3.97508, 2.77591
3.59039, 3.97508, 2.77591
3.71862, 3.97508, 2.77591
3.84685, 3.97508, 2.77591
3.97508, 3.97508, 2.77591
4.1033, 3.97508, 2.77591
4.23153, 3.97508, 2.77591
4.35976, 3.97508, 2.77591
4.48799, 3.97508, 2.77591
4.61622, 3.97508, 2.77591
4.74445, 3.97508, 2.77591
4.87267, 3.97508, 2.77591
5.0009, 3.97508, 2.77591
5.12913, 3.97508, 2.77591
5.25736, 3.97508, 2.77591
5.38559, 3.97508, 2.77591
5.51382, 3.97508, 2.77591
5.64204, 3.97508, 2.77591
5.77027, 3.97508, 2.77591
5.8985, 3.97508, 2.77591
6.02673, 3.97508, 2.77591
6.15496, 3.97508, 2.77591
6.28319, 3.97508, 2.77591
0, 4.1033, 2.77619
0.128228, 4.1033, 2.77619
0.256457, 4.1033, 2.77619
0.384685, 4.1033, 2.77619
0.512913, 4.1033, 2.77619
0.641141, 4.1033, 2.77619
0.76937, 4.1033, 2.77619
0.897598, 4.1033, 2.77619
1.02583, 4.1033, 2.77619
1.15405, 4.1033, 2.77619
1.28228, 4.1033, 2.77619
1.41051, 4.1033, 2.77619
1.53874, 4.1033, 2.77619
1.66697, 4.1033, 2.77619
1.7952, 4.1033, 2.77619
1.92342, 4.1033, 2.77619
2.05165, 4.1033, 2.77619
2.17988, 4.1033, 2.77619
2.30811, 4.1033, 2.77619
2.43634, 4.1033, 2.77619
2.56457, 4.1033, 2.77619
2.69279, 4.1033, 2.77619
2.82102, 4.1033, 2.77619
2.94925, 4.1033, 2.77619
3.07748, 4.1033, 2.77619
3.20571, 4.1033, 2.77619
3.33394, 4.1033, 2.77619
3.46216, 4.1033, 2.77619
3.59039, 4.1033, 2.77619
3.71862, 4.1033, 2.77619
3.84685, 4.1033, 2.77619
3.97508, 4.1033, 2.77619
4.1033, 4.1033, 2.77619
4.23153, 4.1033, 2.77619
4.35976, 4.1033, 2.77619
4.48799, 4.1033, 2.77619
4.61622, 4.1033, 2.77619
4.74445, 4.1033, 2.77619
4.87267, 4.1033, 2.77619
5.0009, 4.1033, 2.77619
5.12913, 4.1033, 2.77619
5.25736, 4.1033, 2.77619
5.38559, 4.1033, 2.77619
5.51382, 4.1033, 2.77619
5.64204, 4.1033, 2.77619
5.77027, 4.1033, 2.77619
5.8985, 4.1033, 2.77619
6.02673, 4.1033, 2.77619
6.15496, 4.1033, 2.77619
6.28319, 4.1033, 2.77619
0, 4.23153, 2.7765
0.128228, 4.23153, 2.7765
0.256457, 4.23153, 2.7765
0.384685, 4.23153, 2.7765
0.512913, 4.23153, 2.7765
0.641141, 4.23153, 2.7765
0.76937, 4.23153, 2.7765
0.897598, 4.23153, 2.7765
1.02583, 4.23153, 2.7765
1.15405, 4.23153, 2.7765
1.28228, 4.23153, 2.7765
1.41051, 4.23153, 2.7765
1.53874, 4.23153, 2.7765
1.66697, 4.23153, 2.7765
1.7952, 4.23153, 2.7765
1.92342, 4.23153, 2.7765
2.05165, 4.23153, 2.7765
2.17988, 4.23153, 2.7765
2.30811, 4.23153, 2.7765
2.43634, 4.23153, 2.7765
2.56457, 4.23153, 2.7765
2.69279, 4.23153, 2.7765
2.82102, 4.23153, 2.7765
2.94925, 4.23153, 2.7765
3.07748, 4.23153, 2.7765
3.20571, 4.23153, 2.7765
3.33394, 4.23153, 2.7765
3.46216, 4.23153, 2.7765
3.59039, 4.23153, 2.7765
3.71862, 4.23153, 2.7765
3.84685, 4.23153, 2.7765
3.97508, 4.23153, 2.7765
4.1033, 4.23153, 2.7765
4.23153, 4.23153, 2.7765
4.35976, 4.23153, 2.7765
4.48799, 4.23153, 2.7765
4.61622, 4.23153, 2.7765
4.74445, 4.23153, 2.7765
4.87267, 4.23153, 2.7765
5.0009, 4.23153, 2.7765
5.12913, 4.23153, 2.7765
5.25736, 4.23153, 2.7765
5.38559, 4.23153, 2.7765
5.51382, 4.23153, 2.7765
5.64204, 4.23153, 2.7765
5.77027, 4.23153, 2.7765
5.8985, 4.23153, 2.7765
6.02673, 4.23153, 2.7765
6.15496, 4.23153, 2.7765
6.28319, 4.23153, 2.7765
0, 4.35976, 2.77682
0.128228, 4.35976, 2.77682
0.256457, 4.35976, 2.77682
0.384685, 4.35976, 2.77682
0.512913, 4.35976, 2.77682
0.641141, 4.35976, 2.77682
0.76937, 4.35976, 2.77682
0.897598, 4.35976, 2.77682
1.02583, 4.35976, 2.77682
1.15405, 4.35976, 2.77682
1.28228, 4.35976, 2.77682
1.41051, 4.35976, 2.77682
1.53874, 4.35976, 2.77682
1.66697, 4.35976, 2.77682
1.7952, 4.35976, 2.77682
1.92342, 4.35976, 2.77682
2.05165, 4.35976, 2.77682
2.17988, 4.35976, 2.77682
2.30811, 4.35976, 2.77682
2.43634, 4.35976, 2.77682
2.56457, 4.35976, 2.77682
2.69279, 4.35976, 2.77682
2.82102, 4.35976, 2.77682
2.94925, 4.35976, 2.77682
3.07748, 4.35976, 2.77682
3.20571, 4.35976, 2.77682
3.33394, 4.35976, 2.77682
3.46216, 4.35976, 2.77682
3.59039, 4.35976, 2.77682
3.71862, 4.35976, 2.77682
3.84685, 4.35976, 2.77682
3.97508, 4.35976, 2.77682
4.1033, 4.35976, 2.77682
4.23153, 4.35976, 2.77682
4.35976, 4.35976, 2.77682
4.48799, 4.35976, 2.77682
4.61622, 4.35976, 2.77682
4.74445, 4.35976, 2.77682
4.87267, 4.35976, 2.77682
5.0009, 4.35976, 2.77682
5.12913, 4.35976, 2.77682
5.25736, 4.35976, 2.77682
5.38559, 4.35976, 2.77682
5.51382, 4.35976, 2.77682
5.64204, 4.35976, 2.77682
5.77027, 4.35976, 2.77682
5.8985, 4.35976, 2.77682
6.02673, 4.35976, 2.77682
6.15496, 4.35976, 2.77682
6.28319, 4.35976, 2.77682
0, 4.48799, 2.77717
0.128228, 4.48799, 2.77717
0.256457, 4.48799, 2.77717
0.384685, 4.48799, 2.77717
0.512913, 4.48799, 2.77717
0.641141, 4.48799, 2.77717
0.76937, 4.48799, 2.77717
0.897598, 4.48799, 2.77717
1.02583, 4.48799, 2.77717
1.15405, 4.48799, 2.77717
1.28228, 4.48799, 2.77717
1.41051, 4.48799, 2.77717
1.53874, 4.48799, 2.77717
1.66697, 4.48799, 2.77717
1.7952, 4.48799, 2.77717
1.92342, 4.48799, 2.77717
2.05165, 4.48799, 2.77717
2.17988, 4.48799, 2.77717
2.30811, 4.48799, 2.77717
2.43634, 4.48799, 2.77717
2.56457, 4.48799, 2.77717
2.69279, 4.48799, 2.77717
2.82102, 4.48799, 2.77717
2.94925, 4.48799, 2.77717
3.07748, 4.48799, 2.77717
3.20571, 4.48799, 2.77717
3.33394, 4.48799, 2.77717
3.46216, 4.48799, 2.77717
3.59039, 4.48799, 2.77717
3.71862, 4.48799, 2.77717
3.84685, 4.48799, 2.77717
3.97508, 4.48799, 2.77717
4.1033, 4.48799, 2.77717
4.23153, 4.48799, 2.77717
4.35976, 4.48799, 2.77717
4.48799, 4.48799, 2.77717
4.61622, 4.48799, 2.77717
4.74445, 4.48799, 2.77717
4.87267, 4.48799, 2.77717
5.0009, 4.48799, 2.77717
5.12913, 4.48799, 2.77717
5.25736, 4.48799, 2.77717
5.38559, 4.48799, 2.77717
5.51382, 4.48799, 2.77717
5.64204, 4.48799, 2.77717
5.77027, 4.48799, 2.77717
5.8985, 4.48799, 2.77717
6.02673, 4.48799, 2.77717
6.15496, 4.48799, 2.77717
6.28319, 4.48799, 2.77717
0, 4.61622, 2.77752
0.128228, 4.61622, 2.77752
0.256457, 4.61622, 2.77752
0.384685, 4.61622, 2.77752
0.512913, 4.61622, 2.77752
0.641141, 4.61622, 2.77752
0.76937, 4.61622, 2.77752
0.897598, 4.61622, 2.77752
1.02583, 4.61622, 2.77752
1.15405, 4.61622, 2.77752
1.28228, 4.61622, 2.77752
1.41051, 4.61622, 2.77752
1.53874, 4.61622, 2.77752
1.66697, 4.61622, 2.77752
1.7952, 4.61622, 2.77752
1.92342, 4.61622, 2.77752
2.05165, 4.61622, 2.77752
2.17988, 4.61622, 2.77752
2.30811, 4.61622, 2.77752
2.43634, 4.61622, 2.77752
2.56457, 4.61622, 2.77752
2.69279, 4.61622, 2.77752
2.82102, 4.61622, 2.77752
2.94925, 4.61622, 2.77752
3.07748, 4.61622, 2.77752
3.20571, 4.61622, 2.77752
3.33394, 4.61622, 2.77752
3.46216, 4.61622, 2.77752
3.59039, 4.61622, 2.77752
3.71862, 4.61622, 2.77752
3.84685, 4.61622, 2.77752
3.97508, 4.61622, 2.77752
4.1033, 4.61622, 2.77752
4.23153, 4.61622, 2.77752
4.35976, 4.61622, 2.77752
4.48799, 4.61622, 2.77752
4.61622, 4.61622, 2.77752
4.74445, 4.61622, 2.77752
4.87267, 4.61622, 2.77752
5.0009, 4.61622, 2.77752
5.12913, 4.61622, 2.77752
5.25736, 4.61622, 2.77752
5.38559, 4.61622, 2.77752
5.51382, 4.61622, 2.77752
5.64204, 4.61622, 2.77752
5.77027, 4.61622, 2.77752
5.8985, 4.61622, 2.77752
6.02673, 4.61622, 2.77752
6.15496, 4.61622, 2.77752
6.28319, 4.61622, 2.77752
0, 4.74445, 2.77787
0.128228, 4.74445, 2.77787
0.256457, 4.74445, 2.77787
0.384685, 4.74445, 2.77787
0.512913, 4.74445, 2.77787
0.641141, 4.74445, 2.77787
0.76937, 4.74445, 2.77787
0.897598, 4.74445, 2.77787
1.02583, 4.74445, 2.77787
1.15405, 4.74445, 2.77787
1.28228, 4.74445, 2.77787
1.41051, 4.74445, 2.77787
1.53874, 4.74445, 2.77787
1.66697, 4.74445, 2.77787
1.7952, 4.74445, 2.77787
1.92342, 4.74445, 2.77787
2.05165, 4.74445, 2.77787
2.17988, 4.74445, 2.77787
2.30811, 4.74445, 2.77787
2.43634, 4.74445, 2.77787
2.56457, 4.74445, 2.77787
2.69279, 4.74445, 2.77787
2.82102, 4.74445, 2.77787
2.94925, 4.74445, 2.77787
3.07748, 4.74445, 2.77787
3.20571, 4.74445, 2.77787
3.33394, 4.74445, 2.77787
3.46216, 4.74445, 2.77787
3.59039, 4.74445, 2.77787
3.71862, 4.74445, 2.77787
3.84685, 4.74445, 2.77787
3.97508, 4.74445, 2.77787
4.1033, 4.74445, 2.77787
4.23153, 4.74445, 2.77787
4.35976, 4.74445, 2.77787
4.48799, 4.74445, 2.77787
4.61622, 4.74445, 2.77787
4.74445, 4.74445, 2.77787
4.87267, 4.74445, 2.77787
5.0009, 4.74445, 2.77787
5.12913, 4.74445, 2.77787
5.25736, 4.74445, 2.77787
5.38559, 4.74445, 2.77787
5.51382, 4.74445, 2.77787
5.64204, 4.74445, 2.77787
5.77027, 4.74445, 2.77787
5.8985, 4.74445, 2.77787
6.02673, 4.74445, 2.77787
6.15496, 4.74445, 2.77787
6.28319, 4.74445, 2.77787
0, 4.87267, 2.77823
0.128228, 4.87267, 2.77823
0.256457, 4.87267, 2.77823
0.384685, 4.87267, 2.77823
0.512913, 4.87267, 2.77823
0.641141, 4.87267, 2.77823
0.76937, 4.87267, 2.77823
0.897598, 4.87267, 2.77823
1.02583, 4.87267, 2.77823
1.15405, 4.87267, 2.77823
1.28228, 4.87267, 2.77823
1.41051, 4.87267, 2.77823
1.53874, 4.87267, 2.77823
1.66697, 4.87267, 2.77823
1.7952, 4.87267, 2.77823
1.92342, 4.87267, 2.77823
2.05165, 4.87267, 2.77823
2.17988, 4.87267, 2.77823
2.30811, 4.87267, 2.77823
2.43634, 4.87267, 2.77823
2.56457, 4.87267, 2.77823
2.69279, 4.87267, 2.77823
2.82102, 4.87267, 2.77823
2.94925, 4.87267, 2.77823
3.07748, 4.87267, 2.77823
3.20571, 4.87267, 2.77823
3.33394, 4.87267, 2.77823
3.46216, 4.87267, 2.77823
3.59039, 4.87267, 2.77823
3.71862, 4.87267, 2.77823
3.84685, 4.87267, 2.77823
3.97508, 4.87267, 2.77823
4.1033, 4.87267, 2.77823
4.23153, 4.87267, 2.77823
4.35976, 4.87267, 2.77823
4.48799, 4.87267, 2.77823
4.61622, 4.87267, 2.77823
4.74445, 4.87267, 2.77823
4.87267, 4.87267, 2.77823
5.0009, 4.87267, 2.77823
5.12913, 4.87267, 2.77823
5.25736, 4.87267, 2.77823
5.38559, 4.87267, 2.77823
5.51382, 4.87267, 2.77823
5.64204, 4.87267, 2.77823
5.77027, 4.87267, 2.77823
5.8985, 4.87267, 2.77823
6.02673, 4.87267, 2.77823
6.15496, 4.87267, 2.77823
6.28319, 4.87267, 2.77823
0, 5.0009, 2.77857
0.128228, 5.0009, 2.77857
0.256457, 5.0009, 2.77857
0.384685, 5.0009, 2.77857
0.512913, 5.0009, 2.77857
0.641141, 5.0009, 2.77857
0.76937, 5.0009, 2.77857
0.897598, 5.0009, 2.77857
1.02583, 5.0009, 2.77857
1.15405, 5.0009, 2.77857
1.28228, 5.0009, 2.77857
1.41051, 5.0009, 2.77857
1.53874, 5.0009, 2.77857
1.66697, 5.0009, 2.77857
1.7952, 5.0009, 2.77857
1.92342, 5.0009, 2.77857
2.05165, 5.0009, 2.77857
2.17988, 5.0009, 2.77857
2.30811, 5.0009, 2.77857
2.43634, 5.0009, 2.77857
2.56457, 5.0009, 2.77857
2.69279, 5.0009, 2.77857
2.82102, 5.0009, 2.77857
2.94925, 5.0009, 2.77857
3.07748, 5.0009, 2.77857
3.20571, 5.0009, 2.77857
3.33394, 5.0009, 2.77857
3.46216, 5.0009, 2.77857
3.59039, 5.0009, 2.77857
3.71862, 5.0009, 2.77857
3.84685, 5.0009, 2.77857
3.97508, 5.0009, 2.77857
4.1033, 5.0009, 2.77857
4.23153, 5.0009, 2.77857
4.35976, 5.0009, 2.77857
4.48799, 5.0009, 2.77857
4.61622, 5.0009, 2.77857
4.74445, 5.0009, 2.77857
4.87267, 5.0009, 2.77857
5.0009, 5.0009, 2.77857
5.12913, 5.0009, 2.77857
5.25736, 5.0009, 2.77857
5.38559, 5.0009, 2.77857
5.51382, 5.0009, 2.77857
5.64204, 5.0009, 2.77857
5.77027, 5.0009, 2.77857
5.8985, 5.0009, 2.77857
6.02673, 5.0009, 2.77857
6.15496, 5.0009, 2.77857
6.28319, 5.0009, 2.77857
0, 5.12913, 2.77891
0.128228, 5.12913, 2.77891
0.256457, 5.12913, 2.77891
0.384685, 5.12913, 2.77891
0.512913, 5.12913, 2.77891
0.641141, 5.12913, 2.77891
0.76937, 5.12913, 2.77891
0.897598, 5.12913, 2.77891
1.02583, 5.12913, 2.77891
1.15405, 5.12913, 2.77891
1.28228, 5.12913, 2.77891
1.41051, 5.12913, 2.77891
1.53874, 5.12913, 2.77891
1.66697, 5.12913, 2.77891
1.7952, 5.12913, 2.77891
1.92342, 5.12913, 2.77891
2.05165, 5.12913, 2.77891
2.17988, 5.12913, 2.77891
2.30811, 5.12913, 2.77891
2.43634, 5.12913, 2.77891
2.56457, 5.12913, 2.77891
2.69279, 5.12913, 2.77891
2.82102, 5.12913, 2.77891
2.94925, 5.12913, 2.77891
3.07748, 5.12913, 2.77891
3.20571, 5.12913, 2.77891
3.33394, 5.12913, 2.77891
3.46216, 5.12913, 2.77891
3.59039, 5.12913, 2.77891
3.71862, 5.12913, 2.77891
3.84685, 5.12913, 2.77891
3.97508, 5.12913, 2.77891
4.1033, 5.12913, 2.77891
4.23153, 5.12913, 2.77891
4.35976, 5.12913, 2.77891
4.48799, 5.12913, 2.77891
4.61622, 5.12913, 2.77891
4.74445, 5.12913, 2.77891
4.87267, 5.12913, 2.77891
5.0009, 5.12913, 2.77891
5.12913, 5.12913, 2.77891
5.25736, 5.12913, 2.77891
5.38559, 5.12913, 2.77891
5.51382, 5.12913, 2.77891
5.64204, 5.12913, 2.77891
5.77027, 5.12913, 2.77891
5.8985, 5.12913, 2.77891
6.02673, 5.12913, 2.77891
6.15496, 5.12913, 2.77891
6.28319, 5.12913, 2.77891
0, 5.25736, 2.77922
0.128228, 5.25736, 2.77922
0.256457, 5.25736, 2.77922
0.384685, 5.25736, 2.77922
0.512913, 5.25736, 2.77922
0.641141, 5.25736, 2.77922
0.76937, 5.25736, 2.77922
0.897598, 5.25736, 2.77922
1.02583, 5.25736, 2.77922
1.15405, 5.25736, 2.77922
1.28228, 5.25736, 2.77922
1.41051, 5.25736, 2.77922
1.53874, 5.25736, 2.77922
1.66697, 5.25736, 2.77922
1.7952, 5.25736, 2.77922
1.92342, 5.25736, 2.77922
2.05165, 5.25736, 2.77922
2.17988, 5.25736, 2.77922
2.30811, 5.25736, 2.77922
2.43634, 5.25736, 2.77922
2.56457, 5.25736, 2.77922
2.69279, 5.25736, 2.77922
2.82102, 5.25736, 2.77922
2.94925, 5.25736, 2.77922
3.07748, 5.25736, 2.77922
3.20571, 5.25736, 2.77922
3.33394, 5.25736, 2.77922
3.46216, 5.25736, 2.77922
3.59039, 5.25736, 2.77922
3.71862, 5.25736, 2.77922
3.84685, 5.25736, 2.77922
3.97508, 5.25736, 2.77922
4.1033, 5.25736, 2.77922
4.23153, 5.25736, 2.77922
4.35976, 5.25736, 2.77922
4.48799, 5.25736, 2.77922
4.61622, 5.25736, 2.77922
4.74445, 5.25736, 2.77922
4.87267, 5.25736, 2.77922
5.0009, 5.25736, 2.77922
5.12913, 5.25736, 2.77922
5.25736, 5.25736, 2.77922
5.38559, 5.25736, 2.77922
5.51382, 5.25736, 2.77922
5.64204, 5.25736, 2.77922
5.77027, 5.25736, 2.77922
5.8985, 5.25736, 2.77922
6.02673, 5.25736, 2.77922
6.15496, 5.25736, 2.77922
6.28319, 5.25736, 2.77922
0, 5.38559, 2.77951
0.128228, 5.38559, 2.77951
0.256457, 5.38559, 2.77951
0.384685, 5.38559, 2.77951
0.512913, 5.38559, 2.77951
0.641141, 5.38559, 2.77951
0.76937, 5.38559, 2.77951
0.897598, 5.38559, 2.77951
1.02583, 5.38559, 2.77951
1.15405, 5.38559, 2.77951
1.28228, 5.38559, 2.77951
1.41051, 5.38559, 2.77951
1.53874, 5.38559, 2.77951
1.66697, 5.38559, 2.77951
1.7952, 5.38559, 2.77951
1.92342, 5.38559, 2.77951
2.05165, 5.38559, 2.77951
2.17988, 5.38559, 2.77951
2.30811, 5.38559, 2.77951
2.43634, 5.38559, 2.77951
2.56457, 5.38559, 2.77951
2.69279, 5.38559, 2.77951
2.82102, 5.38559, 2.77951
2.94925, 5.38559, 2.77951
3.07748, 5.38559, 2.77951
3.20571, 5.38559, 2.77951
3.33394, 5.38559, 2.77951
3.46216, 5.38559, 2.77951
3.59039, 5.38559, 2.77951
3.71862, 5.38559, 2.77951
3.84685, 5.38559, 2.77951
3.97508, 5.38559, 2.77951
4.1033, 5.38559, 2.77951
4.23153, 5.38559, 2.77951
4.35976, 5.38559, 2.77951
4.48799, 5.38559, 2.77951
4.61622, 5.38559, 2.77951
4.74445, 5.38559, 2.77951
4.87267, 5.38559, 2.77951
5.0009, 5.38559, 2.77951
5.12913, 5.38559, 2.77951
5.25736, 5.38559, 2.77951
5.38559, 5.38559, 2.77951
5.51382, 5.38559, 2.77951
5.64204, 5.38559, 2.77951
5.77027, 5.38559, 2.77951
5.8985, 5.38559, 2.77951
6.02673, 5.38559, 2.77951
6.15496, 5.38559, 2.77951
6.28319, 5.38559, 2.77951
0, 5.51382, 2.77977
0.128228, 5.51382, 2.77977
0.256457, 5.51382, 2.77977
0.384685, 5.51382, 2.77977
0.512913, 5.51382, 2.77977
0.641141, 5.51382, 2.77977
0.76937, 5.51382, 2.77977
0.897598, 5.51382, 2.77977
1.02583, 5.51382, 2.77977
1.15405, 5.51382, 2.77977
1.28228, 5.51382, 2.77977
1.41051, 5.51382, 2.77977
1.53874, 5.51382, 2.77977
1.66697, 5.51382, 2.77977
1.7952, 5.51382, 2.77977
1.92342, 5.51382, 2.77977
2.05165, 5.51382, 2.77977
2.17988, 5.51382, 2.77977
2.30811, 5.51382, 2.77977
2.43634, 5.51382, 2.77977
2.56457, 5.51382, 2.77977
2.69279, 5.51382, 2.77977
2.82102, 5.51382, 2.77977
2.94925, 5.51382, 2.77977
3.07748, 5.51382, 2.77977
3.20571, 5.51382, 2.77977
3.33394, 5.51382, 2.77977
3.46216, 5.51382, 2.77977
3.59039, 5.51382, 2.77977
3.71862, 5.51382, 2.77977
3.84685, 5.51382, 2.77977
3.97508, 5.51382, 2.77977
4.1033, 5.51382, 2.77977
4.23153, 5.51382, 2.77977
4.35976, 5.51382, 2.77977
4.48799, 5.51382, 2.77977
4.61622, 5.51382, 2.77977
4.74445, 5.51382, 2.77977
4.87267, 5.51382, 2.77977
5.0009, 5.51382, 2.77977
5.12913, 5.51382, 2.77977
5.25736, 5.51382, 2.77977
5.38559, 5.51382, 2.77977
5.51382, 5.51382, 2.77977
5.64204, 5.51382, 2.77977
5.77027, 5.51382, 2.77977
5.8985, 5.51382, 2.77977
6.02673, 5.51382, 2.77977
6.15496, 5.51382, 2.77977
6.28319, 5.51382, 2.77977
0, 5.64204, 2.78
0.128228, 5.64204, 2.78
0.256457, 5.64204, 2.78
0.384685, 5.64204, 2.78
0.512913, 5.64204, 2.78
0.641141, 5.64204, 2.78
0.76937, 5.64204, 2.78
0.897598, 5.64204, 2.78
1.02583, 5.64204, 2.78
1.15405, 5.64204, 2.78
1.28228, 5.64204, 2.78
1.41051, 5.64204, 2.78
1.53874, 5.64204, 2.78
1.66697, 5.64204, 2.78
1.7952, 5.64204, 2.78
1.92342, 5.64204, 2.78
2.05165, 5.64204, 2.78
2.17988, 5.64204, 2.78
2.30811, 5.64204, 2.78
2.43634, 5.64204, 2.78
2.56457, 5.64204, 2.78
2.69279, 5.64204, 2.78
2.82102, 5.64204, 2.78
2.94925, 5.64204, 2.78
3.07748, 5.64204, 2.78
3.20571, 5.64204, 2.78
3.33394, 5.64204, 2.78
3.46216, 5.64204, 2.78
3.59039, 5.64204, 2.78
3.71862, 5.64204, 2.78
3.84685, 5.64204, 2.78
3.97508, 5.64204, 2.78
4.1033, 5.64204, 2.78
4.23153, 5.64204, 2.78
4.35976, 5.64204, 2.78
4.48799, 5.64204, 2.78
4.61622, 5.64204, 2.78
4.74445, 5.64204, 2.78
4.87267, 5.64204, 2.78
5.0009, 5.64204, 2.78
5.12913, 5.64204, 2.78
5.25736, 5.64204, 2.78
5.38559, 5.64204, 2.78
5.51382, 5.64204, 2.78
5.64204, 5.64204, 2.78
5.77027, 5.64204, 2.78
5.8985, 5.64204, 2.78
6.02673, 5.64204, 2.78
6.15496, 5.64204, 2.78
6.28319, 5.64204, 2.78
0, 5.77027, 2.7802
0.128228, 5.77027, 2.7802
0.256457, 5.77027, 2.7802
0.384685, 5.77027, 2.7802
0.512913, 5.77027, 2.7802
0.641141, 5.77027, 2.7802
0.76937, 5.77027, 2.7802
0.897598, 5.77027, 2.7802
1.02583, 5.77027, 2.7802
1.15405, 5.77027, 2.7802
1.28228, 5.77027, 2.7802
1.41051, 5.77027, 2.7802
1.53874, 5.77027, 2.7802
1.66697, 5.77027, 2.7802
1.7952, 5.77027, 2.7802
1.92342, 5.77027, 2.7802
2.05165, 5.77027, 2.7802
2.17988, 5.77027, 2.7802
2.30811, 5.77027, 2.7802
2.43634, 5.77027, 2.7802
2.56457, 5.77027, 2.7802
2.69279, 5.77027, 2.7802
2.82102, 5.77027, 2.7802
2.94925, 5.77027, 2.7802
3.07748, 5.77027, 2.7802
3.20571, 5.77027, 2.7802
3.33394, 5.77027, 2.7802
3.46216, 5.77027, 2.7802
3.59039, 5.77027, 2.7802
3.71862, 5.77027, 2.7802
3.84685, 5.77027, 2.7802
3.97508, 5.77027, 2.7802
4.1033, 5.77027, 2.7802
4.23153, 5.77027, 2.7802
4.35976, 5.77027, 2.7802
4.48799, 5.77027, 2.7802
4.61622, 5.77027, 2.7802
4.74445, 5.77027, 2.7802
4.87267, 5.77027, 2.7802
5.0009, 5.77027, 2.7802
5.12913, 5.77027, 2.7802
5.25736, 5.77027, 2.7802
5.38559, 5.77027, 2.7802
5.51382, 5.77027, 2.7802
5.64204, 5.77027, 2.7802
5.77027, 5.77027, 2.7802
5.8985, 5.77027, 2.7802
6.02673, 5.77027, 2.7802
6.15496, 5.77027, 2.7802
6.28319, 5.77027, 2.7802
0, 5.8985, 2.78035
0.128228, 5.8985, 2.78035
0.256457, 5.8985, 2.78035
0.384685, 5.8985, 2.78035
0.512913, 5.8985, 2.78035
0.641141, 5.8985, 2.78035
0.76937, 5.8985, 2.78035
0.897598, 5.8985, 2.78035
1.02583, 5.8985, 2.78035
1.15405, 5.8985, 2.78035
1.28228, 5.8985, 2.78035
1.41051, 5.8985, 2.78035
1.53874, 5.8985, 2.78035
1.66697, 5.8985, 2.78035
1.7952, 5.8985, 2.78035
1.92342, 5.8985, 2.78035
2.05165, 5.8985, 2.78035
2.17988, 5.8985, 2.78035
2.30811, 5.8985, 2.78035
2.43634, 5.8985, 2.78035
2.56457, 5.8985, 2.78035
2.69279, 5.8985, 2.78035
2.82102, 5.8985, 2.78035
2.94925, 5.8985, 2.78035
3.07748, 5.8985, 2.78035
3.20571, 5.8985, 2.78035
3.33394, 5.8985, 2.78035
3.46216, 5.8985, 2.78035
3.59039, 5.8985, 2.78035
3.71862, 5.8985, 2.78035
3.84685, 5.8985, 2.78035
3.97508, 5.8985, 2.78035
4.1033, 5.8985, 2.78035
4.23153, 5.8985, 2.78035
4.35976, 5.8985, 2.78035
4.48799, 5.8985, 2.78035
4.61622, 5.8985, 2.78035
4.74445, 5.8985, 2.78035
4.87267, 5.8985, 2.78035
5.0009, 5.8985, 2.78035
5.12913, 5.8985, 2.78035
5.25736, 5.8985, 2.78035
5.38559, 5.8985, 2.78035
5.51382, 5.8985, 2.78035
5.64204, 5.8985, 2.78035
5.77027, 5.8985, 2.78035
5.8985, 5.8985, 2.78035
6.02673, 5.8985, 2.78035
6.15496, 5.8985, 2.78035
6.28319, 5.8985, 2.78035
0, 6.02673, 2.78046
0.128228, 6.02673, 2.78046
0.256457, 6.02673, 2.78046
0.384685, 6.02673, 2.78046
0.512913, 6.02673, 2.78046
0.641141, 6.02673, 2.78046
0.76937, 6.02673, 2.78046
0.897598, 6.02673, 2.78046
1.02583, 6.02673, 2.78046
1.15405, 6.02673, 2.78046
1.28228, 6.02673, 2.78046
1.41051, 6.02673, 2.78046
1.53874, 6.02673, 2.78046
1.66697, 6.02673, 2.78046
1.7952, 6.02673, 2.78046
1.92342, 6.02673, 2.78046
2.05165, 6.02673, 2.78046
2.17988, 6.02673, 2.78046
2.30811, 6.02673, 2.78046
2.43634, 6.02673, 2.78046
2.56457, 6.02673, 2.78046
2.69279, 6.02673, 2.78046
2.82102, 6.02673, 2.78046
2.94925, 6.02673, 2.78046
3.07748, 6.02673, 2.78046
3.20571, 6.02673, 2.78046
3.33394, 6.02673, 2.78046
3.46216, 6.02673, 2.78046
3.59039, 6.02673, 2.78046
3.71862, 6.02673, 2.78046
3.84685, 6.02673, 2.78046
3.97508, 6.02673, 2.78046
4.1033, 6.02673, 2.78046
4.23153, 6.02673, 2.78046
4.35976, 6.02673, 2.78046
4.48799, 6.02673, 2.78046
4.61622, 6.02673, 2.78046
4.74445, 6.02673, 2.78046
4.87267, 6.02673, 2.78046
5.0009, 6.02673, 2.78046
5.12913, 6.02673, 2.78046
5.25736, 6.02673, 2.78046
5.38559, 6.02673, 2.78046
5.51382, 6.02673, 2.78046
5.64204, 6.02673, 2.78046
5.77027, 6.02673, 2.78046
5.8985, 6.02673, 2.78046
6.02673, 6.02673, 2.78046
6.15496, 6.02673, 2.78046
6.28319, 6.02673, 2.78046
0, 6.15496, 2.78053
0.128228, 6.15496, 2.78053
0.256457, 6.15496, 2.78053
0.384685, 6.15496, 2.78053
0.512913, 6.15496, 2.78053
0.641141, 6.15496, 2.78053
0.76937, 6.15496, 2.78053
0.897598, 6.15496, 2.78053
1.02583, 6.15496, 2.78053
1.15405, 6.15496, 2.78053
1.28228, 6.15496, 2.78053
1.41051, 6.15496, 2.78053
1.53874, 6.15496, 2.78053
1.66697, 6.15496, 2.78053
1.7952, 6.15496, 2.78053
1.92342, 6.15496, 2.78053
2.05165, 6.15496, 2.78053
2.17988, 6.15496, 2.78053
2.30811, 6.15496, 2.78053
2.43634, 6.15496, 2.78053
2.56457, 6.15496, 2.78053
2.69279, 6.15496, 2.78053
2.82102, 6.15496, 2.78053
2.94925, 6.15496, 2.78053
3.07748, 6.15496, 2.78053
3.20571, 6.15496, 2.78053
3.33394, 6.15496, 2.78053
3.46216, 6.15496, 2.78053
3.59039, 6.15496, 2.78053
3.71862, 6.15496, 2.78053
3.84685, 6.15496, 2.78053
3.97508, 6.15496, 2.78053
4.1033, 6.15496, 2.78053
4.23153, 6.15496, 2.78053
4.35976, 6.15496, 2.78053
4.48799, 6.15496, 2.78053
4.61622, 6.15496, 2.78053
4.74445, 6.15496, 2.78053
4.87267, 6.15496, 2.78053
5.0009, 6.15496, 2.78053
5.12913, 6.15496, 2.78053
5.25736, 6.15496, 2.78053
5.38559, 6.15496, 2.78053
5.51382, 6.15496, 2.78053
5.64204, 6.15496, 2.78053
5.77027, 6.15496, 2.78053
5.8985, 6.15496, 2.78053
6.02673, 6.15496, 2.78053
6.15496, 6.15496, 2.78053
6.28319, 6.15496, 2.78053
0, 6.28319, 2.78055
0.128228, 6.28319, 2.78055
0.256457, 6.28319, 2.78055
0.384685, 6.28319, 2.78055
0.512913, 6.28319, 2.78055
0.641141, 6.28319, 2.78055
0.76937, 6.28319, 2.78055
0.897598, 6.28319, 2.78055
1.02583, 6.28319, 2.78055
1.15405, 6.28319, 2.78055
1.28228, 6.28319, 2.78055
1.41051, 6.28319, 2.78055
1.53874, 6.28319, 2.78055
1.66697, 6.28319, 2.78055
1.7952, 6.28319, 2.78055
1.92342, 6.28319, 2.78055
2.05165, 6.28319, 2.78055
2.17988, 6.28319, 2.78055
2.30811, 6.28319, 2.78055
2.43634, 6.28319, 2.78055
2.56457, 6.28319, 2.78055
2.69279, 6.28319, 2.78055
2.82102, 6.28319, 2.78055
2.94925, 6.28319, 2.78055
3.07748, 6.28319, 2.78055
3.20571, 6.28319, 2.78055
3.33394, 6.28319, 2.78055
3.46216, 6.28319, 2.78055
3.59039, 6.28319, 2.78055
3.71862, 6.28319, 2.78055
3.84685, 6.28319, 2.78055
3.97508, 6.28319, 2.78055
4.1033, 6.28319, 2.78055
4.23153, 6.28319, 2.78055
4.35976, 6.28319, 2.78055
4.48799, 6.28319, 2.78055
4.61622, 6.28319, 2.78055
4.74445, 6.28319, 2.78055
4.87267, 6.28319, 2.78055
5.0009, 6.28319, 2.78055
5.12913, 6.28319, 2.78055
5.25736, 6.28319, 2.78055
5.38559, 6.28319, 2.78055
5.51382, 6.28319, 2.78055
5.64204, 6.28319, 2.78055
5.77027, 6.28319, 2.78055
5.8985, 6.28319, 2.78055
6.02673, 6.28319, 2.78055
6.15496, 6.28319, 2.78055
6.28319, 6.28319, 2.78055
